Frame	x	y
3616	336.572	1.103
3617	335.585	1.827
3618	335.774	2.753
3619	336.088	3.075
3620	336.253	4.215
3621	335.476	3.453
3622	335.866	4.254
3623	336.557	4.847
3624	336.229	4.356
3625	336.365	4.345
3626	336.67	4.381
3627	336.739	4.187
3628	337.322	4.246
3629	336.822	4.169
3630	336.842	4.384
3631	337.248	4.093
3632	337.758	3.316
3633	337.575	4.416
3634	338.039	4.676
3635	337.646	4.039
3636	337.882	3.154
3637	338.089	3.644
3638	338.535	3.713
3639	339.571	3.524
3640	340.022	3.58
3641	339.829	2.893
3642	339.788	3.123
3643	337.862	3.614
3644	337.819	4.367
3645	336.453	4.135
3646	335.885	4.752
3647	336.16	5.625
3648	335.286	6.028
3649	335.207	6.564
3650	334.631	7.006
3651	333.566	7.029
3652	333.2	6.65
3653	333.184	6.534
3654	332.546	6.277
3655	332.311	6.462
3656	331.96	6.691
3657	332.286	6.705
3658	331.994	6.597
3659	331.996	6.469
3660	332.418	6.29
3661	333.897	5.306
3662	334.231	5.505
3663	333.575	5.773
3664	334.154	7.14
3665	335.006	8.292
3666	334.958	8.238
3667	335.064	8.199
3668	335.016	8.837
3669	335.332	8.847
3670	334.957	8.637
3671	335.207	8.927
3672	335.298	8.811
3673	335.073	8.293
3674	334.863	8.387
3675	335.103	8.494
3676	335.239	8.772
3677	335.336	8.85
3678	334.782	8.308
3679	334.389	7.296
3680	335.139	8.255
3681	335.637	8.684
3682	335.022	8.234
3683	335.054	8.522
3684	335.217	9.056
3685	334.828	7.946
3686	334.855	7.872
3687	334.249	7.823
3688	334.651	8.19
3689	333.496	7.807
3690	332.863	7.449
3691	332.28	7.34
3692	332.526	6.321
3693	332.75	6.827
3694	334.001	6.893
3695	333.473	7.42
3696	332.704	7.08
3697	333.274	6.887
3698	332.872	6.118
3699	333.188	5.83
3700	333.94	6.527
3701	333.46	7.55
3702	333.678	7.746
3703	333.642	7.687
3704	333.499	7.765
3705	334.215	8.594
3706	334.225	8.969
3707	333.743	8.695
3708	333.882	8.095
3709	334.062	8.313
3710	334.396	7.953
3711	332.842	7.167
3712	331.904	2.029
3713	331.904	2.029
3714	331.904	2.029
3715	331.904	2.029
3716	331.904	2.029
3717	331.904	2.029
3718	331.904	2.029
3719	331.904	2.029
3720	331.904	2.029
3721	331.904	2.029
3722	332.266	2.008
3723	332.29	2.518
3724	332.608	3.274
3725	332.355	2.498
3726	331.565	2.385
3727	331.358	3.078
3728	331.576	2.269
3729	331.52	1.29
3730	331.573	1.265
3731	331.83	1.453
3732	331.667	1.533
3733	331.612	1.544
3734	331.312	1.458
3735	332.455	1.288
3736	333.222	1.123
3737	331.392	1.808
3738	331.476	2.502
3739	330.626	3.762
3740	329.618	4.828
3741	329.131	4.757
3742	329.574	4.965
3743	330.613	4.92
3744	331.055	4.452
3745	331.714	6.063
3746	331.839	7.152
3747	331.976	6.135
3748	332.826	6.241
3749	332.791	7.049
3750	333.233	7.273
3751	333.726	7.205
3752	333.976	7.45
3753	332.861	7.426
3754	332.831	6.945
3755	334.137	6.726
3756	334.414	7.307
3757	333.949	7.632
3758	333.752	7.834
3759	332.95	7.706
3760	331.404	7.724
3761	331.003	7.407
3762	330.644	7.022
3763	331.204	7.352
3764	331.381	7.056
3765	331.66	8.468
3766	331.539	8.432
3767	331.305	7.277
3768	331.565	6.975
3769	331.565	7.148
3770	331.293	6.537
3771	331.155	6.768
3772	331.561	7.078
3773	331.72	7.275
3774	331.369	8.044
3775	331.971	7.493
3776	331.607	7.501
3777	330.791	7.993
3778	331.272	7.329
3779	331.391	7.636
3780	332.206	7.33
3781	332.756	7.159
3782	333.303	7.163
3783	333.604	7.854
3784	334.062	7.468
3785	333.091	7.862
3786	332.642	7.725
3787	331.885	6.841
3788	331.147	7.213
3789	331.274	6.769
3790	331.212	7.46
3791	331.361	7.414
3792	331.218	7.583
3793	331.707	9.081
3794	332.22	9.453
3795	332.126	9.587
3796	331.773	9.684
3797	331.332	8.729
3798	331.744	9.655
3799	330.822	10.617
3800	330.854	10.677
3801	330.948	10.485
3802	330.36	10.269
3803	331.107	10.453
3804	331.147	10.458
3805	330.493	10.443
3806	330.488	10.431
3807	330.973	10.285
3808	330.235	10.049
3809	329.904	10.125
3810	330.321	10.42
3811	331.221	10.213
3812	331.21	10.72
3813	330.146	10.266
3814	329.789	10.461
3815	329.583	10.597
3816	329.66	10.801
3817	329.767	10.473
3818	329.622	10.415
3819	329.403	10.653
3820	329.757	10.566
3821	329.672	10.704
3822	329.682	10.737
3823	329.707	10.212
3824	331.066	10.378
3825	331.07	10.427
3826	331.053	10.345
3827	331.182	10.468
3828	331.458	10.453
3829	331.294	10.317
3830	330.881	10.114
3831	331.051	10.854
3832	331.279	10.038
3833	330.159	10.594
3834	329.66	10.766
3835	329.977	10.415
3836	329.768	10.48
3837	329.939	10.508
3838	329.761	10.569
3839	329.768	10.768
3840	329.783	10.87
3841	329.776	10.836
3842	330.331	10.492
3843	330.792	10.988
3844	329.867	10.793
3845	330.552	10.512
3846	330.816	10.236
3847	331.082	10.625
3848	330.718	10.301
3849	330.598	10.62
3850	330.866	10.346
3851	330.879	10.505
3852	331.127	10.3
3853	330.81	10.635
3854	330.105	10.503
3855	330.265	10.484
3856	330.882	10.243
3857	331.141	10.625
3858	330.877	10.899
3859	331.075	11.117
3860	330.486	10.387
3861	330.847	10.936
3862	330.598	10.637
3863	329.87	11.148
3864	329.678	11.022
3865	330.068	10.59
3866	329.787	10.874
3867	329.991	10.512
3868	330.129	10.486
3869	330.971	10.384
3870	330.715	10.664
3871	330.98	10.545
3872	330.608	10.313
3873	331.118	10.58
3874	330.941	10.857
3875	330.549	10.711
3876	330.232	10.865
3877	330.813	10.013
3878	329.951	10.757
3879	329.876	11.181
3880	330.449	10.414
3881	330.162	10.535
3882	329.732	11.191
3883	330.035	10.903
3884	330.162	10.688
3885	330.557	10.958
3886	330.149	10.491
3887	331.102	10.684
3888	330.687	10.709
3889	330.097	10.876
3890	330.894	10.7
3891	331.136	10.723
3892	330.923	10.384
3893	331.012	10.561
3894	330.076	10.492
3895	330.155	10.817
3896	329.96	10.826
3897	330.135	11.179
3898	329.847	11.098
3899	330.005	10.91
3900	329.899	10.899
3901	330.792	10.516
3902	330.022	10.492
3903	329.732	10.877
3904	329.875	11.592
3905	329.823	12.856
3906	329.505	12.283
3907	328.474	12.712
3908	328.242	12.656
3909	327.86	12.632
3910	327.98	12.799
3911	328.09	13.035
3912	328.217	12.605
3913	328.629	11.223
3914	328.782	11.375
3915	329.762	13.422
3916	329.674	13.947
3917	329.139	14.516
3918	328.437	15.206
3919	328.891	15.122
3920	329.465	15.478
3921	329.702	15.681
3922	329.711	15.447
3923	329.741	15.311
3924	329.714	15.203
3925	329.885	15.281
3926	329.983	15.036
3927	329.605	15.389
3928	329.527	14.895
3929	330.265	13.858
3930	330.722	13.134
3931	330.498	13.088
3932	329.37	13.323
3933	328.661	13.082
3934	330.629	14.7
3935	330.629	14.7
3936	330.629	14.7
3937	330.629	14.7
3938	330.629	14.7
3939	330.629	14.7
3940	330.629	14.7
3941	330.629	14.7
3942	330.629	14.7
3943	330.629	14.7
3944	331.331	14.184
3945	331.642	14.451
3946	332.447	13.926
3947	332.306	14.51
3948	331.212	14.446
3949	329.74	15.071
3950	329.512	14.497
3951	329.49	14.288
3952	329.418	14.492
3953	329.186	15.105
3954	329.553	15.196
3955	329.749	15.796
3956	329.493	16.028
3957	330.958	14.361
3958	331.56	14.273
3959	332.693	14.459
3960	334.355	14.816
3961	334.775	14.977
3962	334.588	14.771
3963	334.498	14.938
3964	334.237	14.659
3965	334.475	14.603
3966	334.626	14.791
3967	334.552	14.749
3968	334.711	14.807
3969	335.03	14.689
3970	334.922	14.791
3971	335.079	14.765
3972	334.793	15.086
3973	334.172	15.439
3974	334.173	15.354
3975	333.739	16.275
3976	334.282	16.465
3977	333.98	15.891
3978	333.742	16.463
3979	334.398	16.567
3980	335.591	16.74
3981	336.014	17.232
3982	336.999	17.125
3983	337.692	16.9
3984	337.583	17.391
3985	337.574	18.819
3986	337.336	19.19
3987	336.962	19.503
3988	336.364	20.572
3989	335.965	21.284
3990	335.35	21.541
3991	335.112	20.709
3992	335.295	20.224
3993	334.866	20.143
3994	334.951	21.102
3995	335.098	20.331
3996	334.32	20.63
3997	334.553	20.524
3998	334.722	20.373
3999	334.75	20.271
4000	334.533	20.461
4001	334.19	21.405
4002	334.128	22.165
4003	334.141	23.061
4004	334.385	23.572
4005	334.082	23.335
4006	333.796	23.25
4007	332.569	23.297
4008	332.335	23.006
4009	333.214	22.786
4010	334.554	23.037
4011	334.972	23.294
4012	333.821	23.275
4013	335.023	24.641
4014	335.28	25.132
4015	335.32	25.503
4016	336.143	25.618
4017	336.351	25.339
4018	335.469	25.343
4019	336.28	24.753
4020	337.536	23.674
4021	337.357	23.732
4022	338.405	21.924
4023	338.508	22.099
4024	337.627	23.253
4025	337.698	23.685
4026	338.335	22.831
4027	338.003	22.905
4028	337.795	23.296
4029	338.153	23.971
4030	338.726	23.902
4031	338.689	23.61
4032	337.673	23.228
4033	336.652	23.878
4034	336.665	24.065
4035	337.104	23.933
4036	336.654	23.523
4037	337.242	22.642
4038	338.011	21.498
4039	338.114	21.74
4040	338.2	22.614
4041	338.419	22.779
4042	337.859	22.808
4043	337.468	23.752
4044	337.146	24.01
4045	336.414	24.097
4046	336.646	24.289
4047	336.909	23.852
4048	336.824	24.184
4049	338.2	25.075
4050	337.805	26.623
4051	336.623	27.127
4052	336.917	25.88
4053	336.378	25.943
4054	336.712	25.893
4055	336.564	26.372
4056	336.96	26.494
4057	337.855	26.787
4058	337.12	26.746
4059	337.468	26.289
4060	337.214	24.831
4061	337.187	23.922
4062	337.755	23.491
4063	338.637	23.195
4064	338.673	23.792
4065	337.211	23.499
4066	337.36	23.982
4067	337.32	22.438
4068	337.811	22.731
4069	337.528	24.32
4070	337.253	24.294
4071	336.452	24.7
4072	335.582	25.306
4073	335.194	25.318
4074	335.222	25.36
4075	335.209	25.112
4076	334.956	25.352
4077	335.151	25.388
4078	335.516	25.766
4079	336.343	26.46
4080	335.587	25.633
4081	334.939	25.72
4082	333.745	25.448
4083	332.606	25.674
4084	332.829	25.358
4085	333.37	25.388
4086	334.462	25.538
4087	333.942	25.516
4088	333.549	25.437
4089	332.837	25.207
4090	332.742	25.261
4091	333.052	25.291
4092	332.767	25.42
4093	333.013	25.072
4094	332.823	24.489
4095	332.764	24.614
4096	333.842	25.271
4097	334.697	25.204
4098	335.725	25.404
4099	334.926	25.206
4100	334.409	25.283
4101	333.755	25.833
4102	333.094	26.923
4103	332.665	28.315
4104	332.647	29.114
4105	332.331	29.584
4106	331.247	29.572
4107	329.802	30.436
4108	330.253	30.534
4109	329.327	31.147
4110	329.113	31.106
4111	328.814	31.108
4112	328.65	31.8
4113	328.753	31.961
4114	328.901	33.369
4115	329.537	33.625
4116	330.461	32.301
4117	330.538	32.801
4118	329.978	34.266
4119	330.217	35.608
4120	330.472	35.79
4121	330.552	35.751
4122	329.834	36.055
4123	329.067	35.239
4124	327.727	33.341
4125	327.094	33.38
4126	326.248	35.081
4127	325.764	35.229
4128	326.27	34.911
4129	327.784	35.171
4130	329.279	35.569
4131	329.762	36.056
4132	329.968	36.429
4133	331.087	35.686
4134	331.515	36.327
4135	331.298	36.877
4136	331.404	35.921
4137	331.691	36.057
4138	331.27	36.799
4139	330.949	38.474
4140	330.664	38.817
4141	330.36	39.102
4142	329.39	38.676
4143	329.881	37.762
4144	329.637	36.246
4145	328.188	35.648
4146	328.133	35.198
4147	326.886	35.012
4148	326.313	34.68
4149	326.256	34.732
4150	326.344	34.269
4151	325.71	33.614
4152	325.162	33.021
4153	325.287	33.221
4154	324.572	34.166
4155	325.03	33.635
4156	325.167	33.925
4157	321.673	36.344
4158	321.673	36.344
4159	321.673	36.344
4160	321.876	35.892
4161	321.876	35.892
4162	321.876	35.892
4163	321.876	35.892
4164	321.876	35.892
4165	321.876	35.892
4166	321.876	35.892
4167	321.876	35.892
4168	321.189	36.934
4169	321.643	37.109
4170	321.639	36.528
4171	322.185	35.787
4172	321.99	35.886
4173	322.695	35.615
4174	322.592	35.468
4175	324.181	35.714
4176	326.365	35.286
4177	326.727	35.593
4178	326.566	35.921
4179	327.213	35.376
4180	327.648	34.985
4181	328.121	34.901
4182	328.445	34.844
4183	327.883	33.674
4184	328.703	34.111
4185	327.224	34.688
4186	327.682	34.203
4187	327.752	33.643
4188	327.552	32.69
4189	327.792	32.605
4190	328.222	32.334
4191	328.85	32.761
4192	327.963	32.694
4193	328.391	33.011
4194	329.422	33.492
4195	329.205	31.563
4196	328.534	31.031
4197	327.177	32.076
4198	326.42	30.791
4199	326.009	30.039
4200	325.803	31.164
4201	325.661	32.075
4202	325.389	31.57
4203	325.538	32.432
4204	325.567	32.435
4205	325.865	33.753
4206	325.888	33.584
4207	326.591	33.541
4208	326.699	34.545
4209	326.689	34.284
4210	326.752	35.547
4211	327.001	35.788
4212	325.8	35.271
4213	325.288	34.391
4214	324.699	35.549
4215	324.902	36.147
4216	325.288	35.896
4217	323.513	38.835
4218	323.07	39.754
4219	322.939	38.502
4220	323.672	37.22
4221	323.635	36.559
4222	323.815	36.19
4223	324.125	36.275
4224	324.062	35.642
4225	323.5	36.587
4226	324.76	36.29
4227	325.524	36.17
4228	325.875	36.466
4229	326.368	36.553
4230	325.867	36.508
4231	325.54	36.125
4232	325.264	35.792
4233	324.212	35.722
4234	323.857	36.902
4235	322.875	38.182
4236	322.819	39
4237	323.738	38.859
4238	324.129	38.313
4239	323.759	38.304
4240	323.594	38.914
4241	322.846	39.219
4242	323.99	37.712
4243	324.709	38.609
4244	325.748	39.298
4245	326.314	40.227
4246	326.229	39.589
4247	326.349	39.715
4248	326.35	39.487
4249	325.834	38.799
4250	325.585	39.072
4251	324.166	38.175
4252	323.802	37.92
4253	324.6	37.422
4254	324.222	37.46
4255	322.985	38.843
4256	323.19	40.009
4257	322.438	41.525
4258	321.963	42.267
4259	321.715	42.898
4260	321.418	42.169
4261	321.19	41.263
4262	320.671	41.433
4263	321.236	42.255
4264	321.264	43.138
4265	321.705	43.268
4266	321.697	43.463
4267	321.238	41.719
4268	322.385	40.699
4269	323.523	41.403
4270	323.255	41.188
4271	322.562	40.907
4272	322.148	41.694
4273	321.863	41.353
4274	321.842	41.201
4275	321.798	40.987
4276	321.757	40.295
4277	322.054	39.912
4278	322.201	39.343
4279	322.502	38.545
4280	323.036	39.78
4281	321.848	40.86
4282	319.718	41.341
4283	319.357	40.203
4284	318.49	39.205
4285	318.06	38.257
4286	318.99	37.962
4287	318.788	39.939
4288	319.18	40.123
4289	318.789	40.412
4290	318.578	40.537
4291	317.896	41.364
4292	318.948	42.757
4293	318.677	42.797
4294	318.384	43.026
4295	318.371	43.506
4296	316.64	45.051
4297	315.706	46.024
4298	315.629	46.154
4299	316.187	45.842
4300	317.377	44.167
4301	317.484	42.652
4302	317.451	42.33
4303	317.306	42.877
4304	317.398	42.434
4305	317.406	43.231
4306	317.635	44.362
4307	317.115	43.289
4308	317.372	44.055
4309	317.57	43.346
4310	317.867	43.207
4311	317.607	43.919
4312	318.528	43.087
4313	318.519	42.666
4314	318.735	42.91
4315	317.697	43.554
4316	318.338	42.667
4317	318.671	42.677
4318	318.204	43.222
4319	317.678	42.877
4320	317.7	41.799
4321	316.863	42.075
4322	316.281	41.492
4323	316.737	41.19
4324	317.088	41.194
4325	316.266	42.717
4326	315.696	42.926
4327	316.138	40.932
4328	316.515	42.361
4329	315.908	42.592
4330	315.698	42.517
4331	316.073	41.912
4332	316.295	41.716
4333	316.324	41.627
4334	316.379	41.832
4335	316.517	42.024
4336	316.134	41.883
4337	316.59	41.897
4338	316.012	42.246
4339	315.14	41.112
4340	314.887	40.205
4341	314.61	39.852
4342	314.691	40.151
4343	314.876	40.473
4344	314.841	41.131
4345	315.531	41.215
4346	316.185	41.564
4347	317.294	41.002
4348	316.808	40.125
4349	316.097	40.789
4350	316.491	40.706
4351	317.117	40.918
4352	317.306	41.708
4353	317.715	42.749
4354	316.968	42.782
4355	316.362	42.309
4356	316.173	42.443
4357	315.706	43.65
4358	315.448	44.072
4359	316.374	44.342
4360	316.678	45.042
4361	316.885	45.578
4362	317.166	45.893
4363	317.52	46.478
4364	317.634	49.428
4365	316.766	49.964
4366	316.687	50.644
4367	316.943	50.651
4368	316.204	50.822
4369	315.191	51.825
4370	314.715	51.401
4371	314.203	50.473
4372	314.052	49.385
4373	314.703	49.029
4374	315.533	50.01
4375	314.941	50.667
4376	313.743	49.937
4377	312.797	49.786
4378	314.695	52.362
4379	314.695	52.362
4380	314.695	52.362
4381	314.695	52.362
4382	314.695	52.362
4383	314.695	52.362
4384	314.695	52.362
4385	314.695	52.362
4386	314.695	52.362
4387	314.695	52.362
4388	313.248	52.37
4389	313.2	53.558
4390	313.299	52.903
4391	313.774	52.122
4392	312.895	52.374
4393	312.492	52.979
4394	312.41	52.906
4395	313.432	53.397
4396	313.455	55.189
4397	313.536	55.853
4398	313.479	55.999
4399	313.577	56.502
4400	315.166	57.167
4401	315.296	58.815
4402	316.742	59.821
4403	316.321	59.573
4404	316.229	58.7
4405	316.899	59.513
4406	317.519	59.791
4407	317.438	59.222
4408	317.215	59.374
4409	317.102	59.828
4410	317.075	59.098
4411	316.721	58.155
4412	317.511	56.711
4413	318.709	55.928
4414	318.214	55.585
4415	318.389	55.69
4416	317.738	55.32
4417	318.513	54.874
4418	317.991	55.043
4419	319.235	54.903
4420	319.725	55.044
4421	318.838	54.903
4422	318.782	53.887
4423	318.872	53.922
4424	318.419	54.518
4425	318.086	55.365
4426	318.13	55.228
4427	318.416	54.903
4428	319.056	55.334
4429	318.426	53.565
4430	318.341	53.584
4431	317.646	52.702
4432	317.59	52.762
4433	316.5	53.814
4434	316.958	54.013
4435	318.54	53.315
4436	318.259	53.297
4437	318.691	53.483
4438	318.515	54.028
4439	318.905	54.404
4440	319.637	55.248
4441	318.825	55.811
4442	318.316	55.488
4443	317.888	55.255
4444	318.481	55.392
4445	318.316	55.324
4446	318.116	54.472
4447	318.4	54.078
4448	318.471	54.56
4449	318.446	54.519
4450	318.525	53.799
4451	318.661	54.395
4452	318.487	54.546
4453	318.683	54.265
4454	319.278	54.303
4455	319.348	54.042
4456	320.197	54.257
4457	320.613	54.597
4458	320.445	54.732
4459	320.38	54.769
4460	320.695	55.292
4461	319.47	55.59
4462	319.234	57.538
4463	319.609	58.11
4464	319.799	58.391
4465	320.1	58.232
4466	319.232	58.416
4467	318.877	58.476
4468	318.766	58.411
4469	318.61	58.425
4470	318.813	57.681
4471	318.846	58.388
4472	318.935	58.385
4473	318.465	58.895
4474	318.392	58.955
4475	318.463	59.122
4476	318.052	59.388
4477	318.329	59.426
4478	318.774	58.502
4479	318.65	58.231
4480	319.015	58.233
4481	318.763	58.096
4482	318.816	57.614
4483	318.96	58.714
4484	319.16	58.786
4485	319.695	58.21
4486	319.63	57.638
4487	319.533	57.629
4488	320.497	57.794
4489	320.247	58.199
4490	320.102	58.517
4491	320.122	58.305
4492	320.561	58.455
4493	320.434	58.53
4494	321.468	59.275
4495	321.557	59.648
4496	321.578	59.68
4497	321.468	59.545
4498	320.508	58.353
4499	320.813	56.055
4500	320.656	55.312
4501	320.249	54.257
4502	319.32	54.325
4503	319.523	55.02
4504	319.351	55.215
4505	320.145	55.267
4506	320.297	54.951
4507	320.087	54.909
4508	319.704	54.675
4509	318.895	53.681
4510	318.179	53.339
4511	318.658	54.328
4512	318.906	54.022
4513	319.414	54.727
4514	320.48	55.858
4515	319.4	54.612
4516	319.538	54.175
4517	319.941	54.742
4518	320.502	54.81
4519	320.588	54.67
4520	320.264	55.048
4521	320.132	54.861
4522	321.299	54.346
4523	321.71	53.231
4524	321.515	53.184
4525	321.764	54.004
4526	322.045	53.776
4527	321.23	54.487
4528	321.656	53.668
4529	321.674	53.709
4530	322.188	54.185
4531	321.681	53.85
4532	322.453	54.477
4533	322.674	55.285
4534	322.236	55.815
4535	322.43	55.74
4536	321.597	56.277
4537	319.533	57.398
4538	318.386	58.462
4539	318.642	57.562
4540	319.482	58.327
4541	319.441	59.032
4542	319.598	57.883
4543	319.895	57.527
4544	319.674	58.895
4545	319.496	58.838
4546	320.101	58.459
4547	319.31	58.678
4548	318.892	57.838
4549	318.683	58.074
4550	318.694	58.529
4551	317.22	59.829
4552	316.446	58.281
4553	315.884	57.259
4554	314.522	57.356
4555	314.806	57.241
4556	315.94	57.688
4557	315.747	57.583
4558	316.127	57.911
4559	316.064	57.248
4560	315.732	57.48
4561	316.068	57.513
4562	315.881	57.162
4563	317.216	57.35
4564	318.855	57.899
4565	318.574	58.171
4566	319.106	58.299
4567	318.684	57.978
4568	318.736	58.374
4569	318.502	58.094
4570	319.366	57.374
4571	319.874	57.09
4572	319.157	58.16
4573	319.114	57.754
4574	318.449	57.693
4575	318.518	57.64
4576	318.211	58.17
4577	318.145	57.997
4578	318.031	58.38
4579	318.41	58.235
4580	318.5	58.02
4581	318.578	58.07
4582	319.21	58.741
4583	319.203	59.328
4584	319.33	58.687
4585	319.26	58.585
4586	319.374	58.569
4587	319.248	58.199
4588	318.408	57.634
4589	317.342	57.555
4590	318.131	57.628
4591	318.121	57.576
4592	318.379	58.118
4593	317.961	57.421
4594	316.705	57.755
4595	316.481	57.833
4596	317.116	57.83
4597	318.423	57.951
4598	318.584	58.559
4599	315.896	54.506
4600	315.896	54.506
4601	315.896	54.506
4602	315.896	54.506
4603	315.896	54.506
4604	315.896	54.506
4605	315.896	54.506
4606	315.896	54.506
4607	315.896	54.506
4608	315.896	54.506
4609	316.412	53.855
4610	316.697	54.318
4611	318.258	52.356
4612	317.804	52.274
4613	317.403	53.562
4614	316.969	54.138
4615	316.518	54.421
4616	316.396	54.762
4617	316.45	54.421
4618	316.514	54.457
4619	315.576	54.671
4620	315.638	55.25
4621	316.148	55.394
4622	315.942	54.592
4623	315.382	55.718
4624	315.433	55.531
4625	315.578	55.598
4626	315.837	55.252
4627	316.105	54.884
4628	316.195	54.796
4629	316.122	54.696
4630	316.243	53.911
4631	316.657	54.111
4632	316.57	54.257
4633	316.7	54.161
4634	316.355	54.54
4635	316.837	55.305
4636	316.78	55.459
4637	316.552	55.19
4638	316.248	53.502
4639	316.62	53.887
4640	316.68	55.393
4641	316.83	56.106
4642	316.44	56.07
4643	316.677	55.709
4644	316.573	55.389
4645	316.362	54.811
4646	316.585	54.898
4647	316.18	55.719
4648	316.615	55.744
4649	316.17	55.54
4650	315.92	56.789
4651	315.531	58.017
4652	315.357	57.883
4653	315.401	58.623
4654	313.296	59.647
4655	312.852	59.939
4656	312.119	59.956
4657	312.208	60.768
4658	312.641	60.815
4659	312.597	62.533
4660	312.589	64.806
4661	313.005	65.479
4662	313.188	65.76
4663	313.383	66.056
4664	313.421	66.024
4665	312.879	65.914
4666	312.95	65.416
4667	312.855	66.428
4668	312.597	66.151
4669	312.664	65.108
4670	312.824	64.64
4671	313.211	65.911
4672	314.075	67.349
4673	314.268	68.335
4674	314.949	68.592
4675	314.638	68.462
4676	314.773	68.556
4677	313.964	67.806
4678	314.071	67.1
4679	313.995	66.915
4680	313.9	66.914
4681	314.878	68.458
4682	314.77	68.128
4683	314.686	68.415
4684	313.649	68.503
4685	313.059	69.501
4686	312.879	69.469
4687	313.546	68.403
4688	314.799	68.475
4689	314.814	68.296
4690	314.777	68.177
4691	314.646	68.61
4692	314.77	68.503
4693	314.716	68.514
4694	314.673	68.55
4695	314.498	68.449
4696	314.776	68.652
4697	315.062	68.61
4698	315.27	68.393
4699	315.072	68.133
4700	315.11	69.186
4701	315.677	70.066
4702	315.309	70.362
4703	315.125	70.333
4704	315.21	70.214
4705	315.273	70.173
4706	315.585	70.012
4707	315.533	70.309
4708	316.417	70.492
4709	316.884	70.128
4710	317.263	71.071
4711	316.713	71.015
4712	316.789	70.09
4713	316.924	70.474
4714	317.104	70.836
4715	317.479	71.148
4716	317.586	71.243
4717	317.151	70.731
4718	316.946	70.282
4719	317.321	71.081
4720	317.786	73.105
4721	317.663	73.685
4722	316.52	72.739
4723	316.854	71.272
4724	317.395	71.844
4725	317.786	71.206
4726	316.907	70.156
4727	317.159	70.745
4728	317.204	70.797
4729	317.123	70.905
4730	317.038	70.542
4731	316.944	70.55
4732	317.214	70.194
4733	317.192	71.171
4734	317.168	70.801
4735	317.336	71.052
4736	317.007	70.582
4737	316.845	70.728
4738	317.201	70.748
4739	316.885	70.069
4740	317.108	70.681
4741	316.951	71.476
4742	317.202	70.811
4743	317.073	69.705
4744	316.897	70.438
4745	317.236	71.07
4746	317.226	70.417
4747	316.888	70.399
4748	317.708	70.529
4749	318.916	69.536
4750	318.995	69.53
4751	319.105	69.313
4752	319.078	69.719
4753	318.791	70.117
4754	317.791	70.455
4755	316.992	70.267
4756	317.179	70.423
4757	317.274	70.516
4758	317.107	69.668
4759	317.187	70.227
4760	317.299	70.931
4761	317.252	71.018
4762	317.255	70.683
4763	316.978	71.32
4764	316.846	70.692
4765	316.959	71.137
4766	316.865	70.501
4767	316.585	70.823
4768	316.979	70.207
4769	317.069	70.042
4770	316.503	70.604
4771	316.517	70.144
4772	316.945	70.118
4773	316.782	70.05
4774	316.913	70.206
4775	317.03	70.644
4776	316.753	70.495
4777	317.336	69.923
4778	317.079	69.182
4779	317.094	68.851
4780	317.2	69.311
4781	316.898	71.054
4782	317.178	70.882
4783	316.847	70.507
4784	317.094	70.713
4785	316.893	71.019
4786	316.951	71.192
4787	316.807	70.488
4788	316.654	71.009
4789	317.12	70.549
4790	317.044	70.459
4791	318.193	70.539
4792	318.247	70.832
4793	317.94	70.647
4794	317.214	70.489
4795	317.089	71.042
4796	316.679	71.029
4797	317.109	71.338
4798	317.079	71.185
4799	317.423	70.565
4800	317.125	71.343
4801	316.646	71.769
4802	316.715	71.689
4803	318.053	71.511
4804	319.09	71.841
4805	319.313	72.075
4806	319.391	72.413
4807	319.467	72.66
4808	319.711	72.307
4809	319.913	72.684
4810	320.435	72.493
4811	321.284	72.601
4812	320.893	72.401
4813	319.632	72.653
4814	319.512	72.496
4815	319.499	72.31
4816	319.69	71.839
4817	319.531	71.996
4818	320.412	72.608
4819	320.814	72.551
4820	321.173	72.186
4821	322.167	73.913
4822	322.167	73.913
4823	322.167	73.913
4824	322.167	73.913
4825	322.167	73.913
4826	322.167	73.913
4827	322.313	73.795
4828	322.313	73.795
4829	322.313	73.795
4830	322.313	73.795
4831	322.313	73.795
4832	322.173	73.691
4833	322.456	73.64
4834	323.179	72.776
4835	323.251	71.219
4836	322.705	70.625
4837	321.065	70.671
4838	321.065	70.495
4839	320.925	70.397
4840	320.928	70.837
4841	320.446	70.442
4842	320.433	69.89
4843	319.822	70.504
4844	319.858	70.457
4845	319.902	70.164
4846	320.17	70.087
4847	319.287	70.203
4848	319.142	69.806
4849	319.031	69.459
4850	318.711	69.515
4851	318.912	69.573
4852	319.156	69.482
4853	320.284	70.792
4854	320.828	71.428
4855	320.61	72.678
4856	320.66	73.014
4857	320.924	73.245
4858	320.97	73.506
4859	320.899	73.67
4860	320.849	73.514
4861	320.234	73.159
4862	319.254	74.271
4863	319.643	75.088
4864	320.357	76.165
4865	321.811	75.95
4866	322.869	76.37
4867	324.106	77.368
4868	324.117	77.361
4869	324.299	76.839
4870	323.957	77.116
4871	323.571	77.387
4872	322.706	77.263
4873	322.115	76.551
4874	322.256	75.689
4875	321.81	76.672
4876	321.634	77.388
4877	321.302	77.035
4878	321.887	76.633
4879	321.711	76.963
4880	320.483	77.953
4881	319.654	77.921
4882	319.608	77.679
4883	319.702	78.63
4884	320.21	79.81
4885	320.476	79.675
4886	319.729	79.357
4887	320.456	80.017
4888	320.86	80.473
4889	320.188	80.196
4890	320.903	79.614
4891	321.618	79.665
4892	321.574	80.836
4893	321.292	79.557
4894	320.838	78.705
4895	320.811	78.506
4896	320.958	79.613
4897	322.441	80.241
4898	322.797	79.944
4899	322.655	81.685
4900	322.33	82.073
4901	320.825	83.577
4902	320.278	83.199
4903	319.714	84.408
4904	318.229	85.155
4905	318.006	85.479
4906	318.445	84.594
4907	318.914	84.982
4908	319.334	86.299
4909	318.719	87.164
4910	316.727	88.447
4911	317.202	88.27
4912	318.056	88.649
4913	318.891	89.084
4914	318.59	89.535
4915	318.22	89.676
4916	317.193	89.778
4917	318.036	88.931
4918	318.402	88.983
4919	318.645	89.383
4920	319.299	89.648
4921	320.002	89.616
4922	319.266	89.15
4923	318.717	89.794
4924	319.174	88.576
4925	318.454	88.769
4926	318.742	88.928
4927	319.236	88.762
4928	319.696	88.729
4929	319.787	89.525
4930	319.837	89.865
4931	320.106	90.356
4932	319.74	89.392
4933	318.342	88.882
4934	316.962	89.105
4935	317.028	88.513
4936	316.395	89.115
4937	315.329	88.849
4938	315.217	88.575
4939	315.467	88.119
4940	316.342	86.846
4941	316.407	86.794
4942	316.397	86.697
4943	316.581	86.676
4944	316.494	86.717
4945	316.176	87.083
4946	316.519	86.991
4947	316.596	86.495
4948	316.495	86.691
4949	316.361	87.735
4950	316.556	89.214
4951	316.583	89.186
4952	316.849	88.649
4953	315.422	88.034
4954	315.529	88.497
4955	316.457	88.062
4956	316.718	88.51
4957	316.682	88.707
4958	317.001	88.797
4959	316.708	88.599
4960	317.025	88.489
4961	317.217	88.354
4962	316.672	88.944
4963	316.811	89.323
4964	316.934	89.454
4965	316.661	88.729
4966	317.059	88.591
4967	316.8	88.672
4968	316.809	89.403
4969	318.1	88.851
4970	318.701	88.498
4971	318.754	88.375
4972	318.301	88.772
4973	317.5	87.951
4974	316.647	87.537
4975	316.819	88.3
4976	316.902	89.042
4977	316.872	89.59
4978	316.844	89.251
4979	316.709	89.092
4980	316.633	89.147
4981	316.745	89.642
4982	315.886	89.902
4983	314.661	90.258
4984	312.893	89.901
4985	313.327	89.848
4986	313.335	89.825
4987	313.665	89.481
4988	313.672	88.974
4989	313.588	89.148
4990	313.739	89.033
4991	313.615	89.991
4992	313.504	90.834
4993	313.266	90.676
4994	313.33	90.934
4995	313.544	91.448
4996	312.626	89.777
4997	313.231	89.51
4998	312.858	90.307
4999	313.364	89.445
5000	312.662	89.111
5001	312.812	89.205
5002	313.352	88.67
5003	312.87	89.273
5004	313.189	90.917
5005	313.212	90.45
5006	313.457	91.229
5007	312.926	90.622
5008	313.044	90.726
5009	313.678	90.842
5010	313.091	90.238
5011	312.768	90.726
5012	313.313	91.955
5013	312.564	90.269
5014	312.72	89.415
5015	313.064	89.494
5016	313.578	89.513
5017	314.675	90.419
5018	314.722	90.45
5019	314.703	90.559
5020	314.764	90.372
5021	314.619	91.212
5022	314.774	91.686
5023	314.419	90.818
5024	314.383	91.732
5025	314.332	91.601
5026	314.569	90.843
5027	314.04	91.421
5028	314.559	90.76
5029	313.593	90.395
5030	313.16	90.447
5031	313.542	90.953
5032	313.445	90.965
5033	313.872	91.096
5034	314.764	91.306
5035	314.707	90.71
5036	314.82	91.636
5037	314.779	91.625
5038	314.476	90.58
5039	314.488	90.712
5040	314.805	90.465
5041	314.58	90.582
5042	313.393	89.072
5043	313.393	89.072
5044	313.393	89.072
5045	313.252	89.297
5046	313.252	89.297
5047	313.252	89.297
5048	313.252	89.297
5049	313.252	89.297
5050	313.252	89.297
5051	313.252	89.297
5052	313.252	89.297
5053	313.485	89.665
5054	312.358	90.307
5055	311.543	89.825
5056	310.75	89.012
5057	311.135	88.041
5058	311.216	88.379
5059	310.843	89.285
5060	310.786	89.068
5061	311.721	88.849
5062	312.194	88.433
5063	312.989	89.629
5064	313.685	89.309
5065	313.362	89.253
5066	313.327	90.216
5067	314.104	91.699
5068	314.43	92.045
5069	313.377	91.57
5070	313.639	90.631
5071	313.572	90.515
5072	312.612	90.574
5073	313.497	90.002
5074	313.299	89.265
5075	313.503	89.612
5076	312.758	90.123
5077	312.036	91.156
5078	311.439	92.259
5079	310.831	92.489
5080	309.379	92.181
5081	308.701	91.871
5082	309.634	92.906
5083	308.895	94.11
5084	308.705	94.528
5085	308.707	94.323
5086	308.757	94.392
5087	308.645	94.647
5088	308.826	94.545
5089	310.126	95.293
5090	311.108	95.465
5091	310.445	94.402
5092	310.492	95.03
5093	310.726	95.237
5094	311.047	94.988
5095	310.304	95.158
5096	309.646	96.892
5097	309.358	97.505
5098	309.109	97.56
5099	309.494	97.717
5100	309.895	99.134
5101	309.921	100.887
5102	309.837	101.58
5103	309.16	101.405
5104	308.627	101.417
5105	308.37	101.235
5106	310.374	102.176
5107	309.625	102.264
5108	309.372	101.587
5109	308.611	102.168
5110	308.221	102.709
5111	309.041	104.121
5112	309.168	104.729
5113	308.457	104.581
5114	309.481	104.943
5115	309.263	104.694
5116	308.755	104.767
5117	308.415	105.008
5118	308.823	105.651
5119	309.51	105.296
5120	309.128	104.888
5121	309.356	104.075
5122	308.919	102.381
5123	309.64	101.679
5124	309.495	101.443
5125	309.806	101.597
5126	310.672	102.944
5127	310.466	104.441
5128	310.661	105.283
5129	310.475	105.677
5130	310.103	107.341
5131	310.389	107.571
5132	310.374	107.284
5133	311.369	107.224
5134	311.32	108.388
5135	312.402	107.702
5136	311.932	107.804
5137	311.46	108.63
5138	310.433	109.261
5139	311.53	109.324
5140	311.57	108.866
5141	313.172	110.174
5142	313.256	109.676
5143	312.944	109.992
5144	313.787	109.627
5145	314.372	109.529
5146	315.892	109.62
5147	315.49	109.061
5148	314.102	108.259
5149	312.598	107.528
5150	312.312	107.072
5151	311.665	107.017
5152	310.953	107.164
5153	310.701	106.186
5154	310.667	105.589
5155	310.178	105.586
5156	310.302	106.11
5157	311.24	105.524
5158	310.918	106.796
5159	310.936	105.781
5160	311.135	104.895
5161	311.088	105.199
5162	311.26	105.651
5163	310.77	106.103
5164	311.574	106.408
5165	311.379	106.733
5166	310.694	105.726
5167	310.376	105.009
5168	310.074	106.092
5169	309.92	106.225
5170	309.883	107.136
5171	309.464	107.643
5172	309.3	107.504
5173	309.291	107.221
5174	309.608	106.497
5175	308.937	107.338
5176	309.447	107.463
5177	309.87	107.868
5178	308.908	108.21
5179	307.085	108.302
5180	307.082	107.247
5181	306.673	107.018
5182	305.17	107.676
5183	306.416	108.189
5184	306.927	109.285
5185	306.452	109.267
5186	306.244	108.695
5187	306.72	108.593
5188	306.782	108.861
5189	306.891	109.767
5190	306.631	109.676
5191	306.09	110.076
5192	305.862	111.066
5193	304.372	111.133
5194	305.349	111.369
5195	305.92	112.154
5196	306.611	111.577
5197	305.783	110.768
5198	305.355	110.87
5199	306.047	111.351
5200	306.407	112.684
5201	306.884	112.958
5202	306.565	114.239
5203	305.681	115.582
5204	306.347	117.084
5205	306.161	117.697
5206	306.247	117.782
5207	306.618	119.256
5208	307.085	119.24
5209	307.204	118.209
5210	306.697	118.147
5211	307.09	117.267
5212	306.818	116.865
5213	306.662	117.576
5214	306.09	118.758
5215	306.462	119.802
5216	306.132	119.087
5217	306.145	120.407
5218	305.698	122.258
5219	305.701	122.229
5220	304.503	121.609
5221	304.807	121.26
5222	305.186	121.408
5223	305.271	120.958
5224	305.122	121.792
5225	305.504	121.865
5226	305.282	121.899
5227	306.122	123.494
5228	306.329	124.181
5229	306.754	123.115
5230	305.929	122.976
5231	306.724	123.526
5232	306.401	124.238
5233	306.905	123.208
5234	306.917	123.436
5235	307.339	124.53
5236	308.208	125.868
5237	308.344	127.134
5238	308.862	126.139
5239	308.936	125.541
5240	308.364	126.053
5241	308.545	126.256
5242	308.875	127.639
5243	309.656	127.695
5244	308.905	126.792
5245	308.668	126.464
5246	308.946	126.588
5247	309.366	126.101
5248	310.075	127.04
5249	309.868	127.307
5250	309.354	127.031
5251	308.255	127.743
5252	307.227	126.948
5253	307.616	127.16
5254	307.252	127.172
5255	308.401	127.96
5256	309.469	127.677
5257	309.897	127.889
5258	310.877	129.071
5259	309.364	128.708
5260	309.091	128.226
5261	308.682	127.84
5262	308.213	127.874
5264	303.049	133.569
5265	303.049	133.569
5266	303.049	133.569
5267	303.049	133.569
5268	303.049	133.569
5269	303.049	133.569
5270	303.049	133.569
5271	303.049	133.569
5272	303.049	133.569
5273	302.938	134.459
5274	302.461	134.26
5275	302.965	135.529
5276	302.11	136.29
5277	300.572	136.999
5278	300.217	136.481
5279	300.374	136.652
5280	299.245	135.588
5281	299.113	134.94
5282	299.72	135.936
5283	299.584	135.602
5284	299.264	135.044
5285	299.686	136.192
5286	301.359	137.088
5287	302.066	136.942
5288	302.365	136.131
5289	302.696	135.588
5290	302.945	134.59
5291	303.267	134.706
5292	303.477	134.449
5293	304.087	135.135
5294	304.319	136.695
5295	304.215	137.923
5296	304.454	138.633
5297	304.838	138.761
5298	306.144	138.639
5299	306.007	138.899
5300	306.228	139.933
5301	306.159	140.076
5302	306.526	139.516
5303	306.137	140.194
5304	307.723	140.11
5305	307.88	140.457
5306	306.678	140.233
5307	306.035	140.164
5308	304.589	140.83
5309	303.546	141.042
5310	302.373	140.294
5311	303.032	141.129
5312	302.801	142.849
5313	301.695	143.067
5314	301.767	142.587
5315	300.515	143.112
5316	299.768	143.664
5317	300.481	143.613
5318	300.497	144.562
5319	300.569	145.01
5320	301.12	145.428
5321	300.521	147.387
5322	300.726	147.842
5323	301.123	146.89
5324	300.365	146.118
5325	300.69	147.082
5326	300.68	147.415
5327	300.745	147.44
5328	300.625	147.928
5329	300.384	147.391
5330	300.95	147.893
5331	300.801	147.769
5332	300.656	146.902
5333	301.382	147.712
5334	301.115	147.508
5335	300.574	146.665
5336	300.408	145.345
5337	299.669	145.095
5338	298.371	146.428
5339	298.654	147.367
5340	298.645	147.259
5341	296.9	146.438
5342	296.852	146.926
5343	296.283	147.085
5344	296.154	146.777
5345	296.693	146.877
5346	297.158	146.299
5347	296.805	145.805
5348	296.795	145.658
5349	296.978	145.39
5350	297.138	145.095
5351	296.5	145.634
5352	296.977	146.419
5353	297.324	146.432
5354	297.783	146.2
5355	298.118	146.097
5356	298.287	145.227
5357	296.598	144.763
5358	296.169	144.851
5359	297.407	144.321
5360	297.51	144.125
5361	297.2	145.067
5362	296.877	145.781
5363	297.398	145.513
5364	297.74	145.094
5365	298.315	144.955
5366	297.561	145.237
5367	298.251	145.18
5368	297.803	144.925
5369	296.71	145.413
5370	297.387	145.388
5371	297.333	144.755
5372	297.503	144.648
5373	297.858	145.151
5374	298.162	145.058
5375	298.267	145.08
5376	297.873	144.576
5377	297.57	144.897
5378	297.244	145.07
5379	297.234	146.104
5380	296.151	146.818
5381	296.136	146.579
5382	296.193	146.476
5383	295.948	146.5
5384	296.881	146.249
5385	296.34	146.552
5386	296.695	145.96
5387	298.176	146.625
5388	298.451	146.683
5389	298.149	145.418
5390	298.466	145.379
5391	298.546	145.245
5392	297.618	144.966
5393	295.877	146.487
5394	295.611	146.637
5395	294.786	147.276
5396	294.303	147.314
5397	294.734	146.884
5398	294.361	147.83
5399	294.593	148.362
5400	293.08	147.313
5401	292.912	145.689
5402	292.779	144.187
5403	292.91	143.726
5404	293.566	143.742
5405	293.912	144.585
5406	293.287	145.632
5407	294.024	145.836
5408	293.916	146.103
5409	293.395	145.567
5410	294.263	145.613
5411	294.604	146.038
5412	294.818	146.438
5413	294.427	146.662
5414	293.178	147.401
5415	293.156	147.938
5416	293.269	148.376
5417	292.478	148.501
5418	293.072	147.961
5419	293.142	147.763
5420	293.196	148.063
5421	294.309	147.82
5422	294.131	146.863
5423	292.326	146.204
5424	291.454	147.44
5425	291.205	148.269
5426	291.286	148.223
5427	290.892	147.783
5428	290.906	148.177
5429	289.817	148.297
5430	289.167	147.827
5431	288.521	147.893
5432	288.187	148.641
5433	287.221	148.766
5434	287.315	149.412
5435	287.494	149.158
5436	286.601	149.336
5437	286.932	149.906
5438	285.758	149.739
5439	284.891	149.44
5440	285.277	149.83
5441	284.842	151.429
5442	285.187	154.229
5443	286.1	154.47
5444	286.471	154.431
5445	287.344	153.494
5446	287.904	152.391
5447	288.127	152.522
5448	287.853	153.306
5449	287.49	154.082
5450	286.418	153.149
5451	286.44	152.742
5452	286.547	153.035
5453	286.385	153.413
5454	286.564	153.894
5455	287.546	154.198
5456	287.554	154.536
5457	286.781	154.647
5458	287.434	154.517
5459	287.366	155.454
5460	286.683	154.599
5461	287.013	154.673
5462	286.539	154.499
5463	287.154	153.663
5464	287.366	153.886
5465	287.203	154.466
5466	287.539	153.843
5467	287.939	152.507
5468	287.941	152.5
5469	288.376	151.659
5470	287.764	152.185
5471	287.11	152.752
5472	287.27	153.049
5473	287.248	152.865
5474	287.33	153.635
5475	286.515	154.918
5476	285.577	155.028
5477	286.448	155.008
5478	286.132	154.815
5479	286.825	155.351
5480	286.632	155.336
5481	287.124	155.432
5482	286.895	157.114
5483	286.935	157.231
5484	286.556	157.702
5485	286.539	157.255
5487	293.825	153.893
5488	293.825	153.893
5489	293.825	153.893
5490	293.825	153.893
5491	293.825	153.893
5492	293.825	153.893
5493	293.825	153.893
5494	293.825	153.893
5495	293.825	153.893
5496	293.601	153.769
5497	293.69	153.232
5498	293.256	153.761
5499	293.353	154.673
5500	293.746	154.031
5501	294.852	153.667
5502	294.28	153.493
5503	293.813	153.53
5504	294.156	153.777
5505	293.746	153.499
5506	293.838	153.521
5507	293.215	152.968
5508	292.888	152.894
5509	293.056	153.82
5510	293.465	153.905
5511	292.42	153.696
5512	292.773	153.571
5513	293.697	153.498
5514	294.213	153.882
5515	293.409	154.204
5516	293.786	153.037
5517	292.912	152.757
5518	293.141	153.877
5519	292.762	153.013
5520	292.541	153.733
5521	293.096	153.928
5522	292.476	155.381
5523	291.795	156.823
5524	291.489	157.338
5525	290.832	156.887
5526	290.122	156.272
5527	289.649	156.105
5528	290.339	156.905
5529	290.368	157.107
5530	291.091	156.987
5531	292.159	157.185
5532	292.408	156.992
5533	292.9	157.179
5534	292.732	157.567
5535	293.506	158.506
5536	293.282	159.606
5537	294.745	158.834
5538	294.664	158.734
5539	294.908	158.899
5540	294.782	158.676
5541	294.931	158.462
5542	295.533	158.258
5543	294.475	158.126
5544	295.118	159.209
5545	295.102	159.865
5546	295.237	159.6
5547	295.408	159.199
5548	295.214	159.888
5549	295.297	159.869
5550	295.814	159.488
5551	296.391	159.141
5552	296.602	158.54
5553	297.468	157.69
5554	297.096	156.41
5555	296.928	156.59
5556	297.152	156.663
5557	297.047	156.371
5558	297.325	156.153
5559	296.338	155.522
5560	296.059	156.981
5561	295.592	155.694
5562	295.84	154.885
5563	296.323	154.917
5564	296.527	155.082
5565	295.852	154.867
5566	296.671	154.57
5567	297.076	154.567
5568	297.759	154.73
5569	298.021	154.271
5570	298.575	154.68
5571	298.064	155.619
5572	296.97	155.456
5573	295.922	155.709
5574	295.497	154.802
5575	295.483	154.488
5576	296.136	154.944
5577	295.828	155.279
5578	294.256	154.662
5579	291.98	154.348
5580	292.163	154.572
5581	292.563	154.459
5582	293.345	153.165
5583	292.755	153.896
5584	292.844	155.931
5585	291.596	154.917
5586	291.396	154.977
5587	291.897	154.565
5588	292.09	154.161
5589	292.247	154.168
5590	292.517	154.593
5591	291.978	155.071
5592	291.655	154.548
5593	292.029	155.168
5594	291.958	154.681
5595	292.931	153.901
5596	292.779	153.914
5597	290.858	154.065
5598	290.629	153.394
5599	290.693	153.025
5600	291.124	152.854
5601	291.139	152.569
5602	291.421	152.369
5603	291.288	151.499
5604	290.58	150.715
5605	290.524	151.077
5606	290.844	152.32
5607	291.42	152.149
5608	290.587	151.322
5609	289.928	151.236
5610	290.482	152.158
5611	292.31	152.497
5612	292.734	152.88
5613	291.91	154.322
5614	292.268	154.363
5615	292.377	154.676
5616	292.752	155.768
5617	293.056	156.709
5618	292.861	158.269
5619	293.419	159.546
5620	294.456	160.08
5621	294.449	161.482
5622	294.794	160.443
5623	295.723	160.845
5624	295.299	160.727
5625	295.664	160.586
5626	295.36	160.852
5627	296.9	160.806
5628	297.262	160.814
5629	297.666	160.637
5630	297.198	160.959
5631	297.69	160.898
5632	297.691	161.129
5633	297.544	161.028
5634	298.395	162.287
5635	299.898	163.48
5636	299.13	163.445
5637	299.195	164.074
5638	299.26	165.434
5639	300.203	166.36
5640	299.955	167.51
5641	300.75	167.702
5642	300.607	166.786
5643	300.642	167.091
5644	300.787	167.16
5645	300.422	166.365
5646	300.906	164.647
5647	301.537	164.744
5648	301.648	165.476
5649	301.833	166.851
5650	302.326	167.779
5651	302.005	168.797
5652	302.44	168.677
5653	302.676	169.397
5654	303.861	170.17
5655	303.883	170.401
5656	303.86	169.928
5657	303.662	170.02
5658	304.53	170.771
5659	304.455	171.315
5660	303.766	170.81
5661	303.106	171.239
5662	303.297	170.942
5663	302.582	170.274
5664	303.089	170.623
5665	303.769	170.181
5666	304.447	171.023
5667	304.788	170.172
5668	304.624	169.862
5669	304.443	170.653
5670	303.662	170.98
5671	303.793	171.252
5672	303.965	170.528
5673	303.52	169.866
5674	303.614	170.55
5675	302.406	169.773
5676	300.968	170.337
5677	301.841	171.056
5678	301.144	170.611
5679	300.435	171.432
5680	300.362	171.346
5681	300.521	171.472
5682	300.925	171.374
5683	300.111	171.878
5684	300.266	171.339
5685	299.647	172.06
5686	298.82	172.376
5687	297.729	172.916
5688	298.235	173.429
5689	298.511	174.655
5690	298.288	174.472
5691	297.679	173.221
5692	297.884	173.28
5693	297.907	173.354
5694	297.1	174.188
5695	296.053	174.681
5696	296.574	174.726
5697	297.215	175.283
5698	296.415	174.513
5699	297.204	174
5700	296.784	174.696
5701	296.793	175.11
5702	296.12	174.915
5703	296.478	175.687
5704	296.217	175.256
5705	296.244	175.329
5707	297.158	184.666
5708	297.158	184.666
5709	297.158	184.666
5710	297.158	184.666
5711	297.158	184.666
5712	297.158	184.666
5713	297.158	184.666
5714	297.158	184.666
5715	297.158	184.666
5716	297.528	184.35
5717	297.446	184.925
5718	298.695	185.086
5719	298.293	186.523
5720	297.428	187.602
5721	297.913	187.508
5722	297.815	188.011
5723	297.277	188.029
5724	296.662	187.711
5725	297.154	187.786
5726	297.141	187.367
5727	298.182	187.698
5728	298.548	187.523
5729	297.934	187.732
5730	297.623	187.678
5731	297.067	187.821
5732	296.711	188.009
5733	295.554	186.884
5734	295.733	186.663
5735	295.482	186.172
5736	296.045	185.809
5737	295.777	186.602
5738	296.213	187.076
5739	295.794	187.219
5740	296.519	187.575
5741	296.592	187.714
5742	297.498	187.796
5743	299.124	187.774
5744	300.802	188.069
5745	300.381	187.697
5746	301.837	188.582
5747	302.593	189.389
5748	302.817	189.101
5749	304.476	189.013
5750	304.381	188.867
5751	304.09	188.553
5752	304.519	188.852
5753	304.39	188.76
5754	304.751	188.903
5755	305.003	188.554
5756	304.409	188.792
5757	304.627	188.592
5758	304.739	188.797
5759	304.503	188.473
5760	305.031	187.468
5761	305.386	186.72
5762	306.121	186.303
5763	305.959	186.592
5764	305.866	187.089
5765	305.44	187.328
5766	304.892	187.455
5767	304.471	188.479
5768	304.684	187.908
5769	304.799	188.424
5770	304.607	188.758
5771	304.702	187.162
5772	305.345	186.899
5773	306.39	187.944
5774	307.28	188.105
5775	307.555	188.337
5776	308.19	187.349
5777	308.926	186.783
5778	308.629	186.638
5779	308.877	186.39
5780	308.561	186.759
5781	308.787	186.406
5782	309.236	186.426
5783	309.493	185.409
5784	310.159	185.887
5785	309.788	185.569
5786	309.251	185.76
5787	309.439	185.595
5788	309.608	185.53
5789	309.789	185.662
5790	309.59	185.377
5791	309.527	185.541
5792	309.523	185.852
5793	309.743	185.361
5794	309.3	185.945
5795	309.539	185.819
5796	309.721	185.75
5797	309.822	185.62
5798	310.041	185.9
5799	310.212	185.88
5800	309.602	184.754
5801	309.592	185.555
5802	310.136	185.405
5803	310.232	185.468
5804	308.958	186.54
5805	309.26	187.301
5806	309.444	187.245
5807	310.24	186.375
5808	310.654	185.566
5809	310.603	185.336
5810	310.458	185.749
5811	309.832	185.363
5812	310.526	185.273
5813	310.555	185.762
5814	310.615	185.566
5815	310.535	185.524
5816	309.89	185.616
5817	310.451	185.782
5818	310.695	185.276
5819	311.411	184.799
5820	310.16	186.295
5821	309.838	186.798
5822	310.164	186.013
5823	310.309	185.568
5824	310.883	185.709
5825	312.351	186.154
5826	312.855	186.492
5827	312.576	186.859
5828	312.703	185.649
5829	312.828	185.883
5830	312.564	186.164
5831	311.906	186.638
5832	311.283	187.507
5833	311.492	189.019
5834	311.933	189.681
5835	312.132	189.645
5836	311.994	190.792
5837	312.746	190.634
5838	313.513	189.687
5839	313.728	190.104
5840	314.758	189.932
5841	314.753	189.627
5842	314.484	189.628
5843	314.489	190.123
5844	314.794	190.582
5845	314.042	189.395
5846	313.813	189.665
5847	314.665	190.147
5848	314.701	190.028
5849	314.477	189.509
5850	313.589	187.899
5851	313.562	187.447
5852	313.168	187.57
5853	313.076	187.417
5854	312.848	186.633
5855	312.9	187.143
5856	312.468	188.547
5857	312.634	190.926
5858	312.314	190.797
5859	311.772	190.784
5860	312.463	190.688
5861	312.277	190.402
5862	311.124	190.597
5863	311.659	190.68
5864	311.585	190.323
5865	310.78	190.399
5866	310.924	190.654
5867	310.691	189.344
5868	310.335	189.456
5869	311.227	190.151
5870	311.368	189.634
5871	311.344	191.024
5872	311.973	190.788
5873	310.89	191.118
5874	310.894	191.487
5875	311.914	190.34
5876	311.773	190.85
5877	311.969	190.399
5878	312.28	190.102
5879	311.793	190.763
5880	310.889	190.945
5881	311.172	190.876
5882	311.598	190.701
5883	311.739	189.712
5884	311.102	188.811
5885	311.792	188.616
5886	311.779	189.218
5887	310.823	190.358
5888	310.782	190.853
5889	309.71	190.815
5890	308.961	191.09
5891	308.536	191.085
5892	309.595	190.753
5893	310.322	190.341
5894	308.724	190.76
5895	309.222	190.718
5896	309.266	191.066
5897	308.593	191.523
5898	309.014	190.898
5899	310.687	190.993
5900	310.659	191.474
5901	309.596	191.11
5902	310.07	189.735
5903	310.852	190.066
5904	310.232	189.53
5905	309.806	190.131
5906	310.455	189.601
5907	310.466	188.999
5908	311.428	188.541
5909	311.515	188.566
5910	311.404	188.205
5911	311.85	188.709
5912	310.952	188.185
5913	310.614	188.621
5914	311.3	189.023
5915	311.425	188.673
5916	312.386	189.405
5917	312.58	189.701
5918	312.317	190.84
5919	312.71	191.604
5920	312.096	191.117
5921	311.851	190.557
5922	312.25	190.039
5923	312.073	189.44
5924	312.188	189.72
5925	311.445	188.838
5927	322.226	188.29
5928	322.226	188.29
5929	322.226	188.29
5930	322.226	188.29
5931	322.226	188.29
5932	322.226	188.29
5933	322.226	188.29
5934	322.226	188.29
5935	322.226	188.29
5936	321.887	188.267
5937	321.233	188.373
5938	320.804	187.525
5939	321.311	187.743
5940	322.697	187.063
5941	323.12	187.21
5942	323.498	187.444
5943	323.269	187.831
5944	322.387	187.225
5945	322.795	186.685
5946	323.25	186.633
5947	323.28	187.057
5948	323.568	186.213
5949	323.34	187.176
5950	323.317	188.201
5951	323.451	189.038
5952	323.633	188.538
5953	322.271	188.538
5954	322.631	188.418
5955	323.647	186.593
5956	324.062	185.425
5957	324.658	184.882
5958	325.853	185.267
5959	325.57	185.293
5960	325.636	185.285
5961	325.505	185.409
5962	326.109	185.44
5963	325.091	184.75
5964	325.645	184.515
5965	325.135	184.89
5966	324.759	185.334
5967	323.475	185.263
5968	322.953	185.337
5969	323.329	183.826
5970	323.026	183.79
5971	323.498	183.661
5972	324.696	185.103
5973	324.049	184.912
5974	324.236	185.045
5975	324.616	184.942
5976	325.101	184.895
5977	323.145	183.727
5978	322.169	182.745
5979	321.833	182.512
5980	322.644	182.742
5981	322.673	183.04
5982	323.169	182.547
5983	322.836	182.665
5984	322.919	182.688
5985	322.471	182.852
5986	322.9	183.615
5987	322.608	184.042
5988	322.642	183.431
5989	322.917	183.218
5990	322.287	184.232
5991	322.744	184.438
5992	322.819	184.866
5993	322.515	185.396
5994	322.719	186.893
5995	322.329	186.657
5996	322.288	187.906
5997	322.186	189.23
5998	322.736	188.885
5999	322.404	189.239
6000	322.222	189.047
6001	322.196	187.936
6002	321.885	187.139
6003	320.912	187.65
6004	320.555	188.905
6005	319.867	190.464
6006	319.552	190.387
6007	319.948	190.997
6008	321.75	190.849
6009	322.291	191.228
6010	322.344	190.432
6011	322.35	190.681
6012	321.828	190.911
6013	322.58	190.423
6014	321.934	190.251
6015	321.881	191.096
6016	321.432	191.975
6017	321.335	191.964
6018	320.851	191.659
6019	321.035	192.763
6020	320.29	195.094
6021	319.817	194.609
6022	319.922	194.162
6023	320.303	193.734
6024	320.698	192.535
6025	323.13	191.384
6026	324.223	191.621
6027	324.074	190.813
6028	323.682	189.18
6029	323.9	189.283
6030	324.813	189.41
6031	324.293	190.379
6032	323.484	191.37
6033	322.789	190.204
6034	323.565	188.951
6035	324.101	190.309
6036	324.297	192.376
6037	324.372	192.647
6038	323.863	193.444
6039	324.747	193.615
6040	326.311	195.046
6041	326.319	195.08
6042	326.216	194.331
6043	326.898	194.154
6044	327.302	194.276
6045	326.57	194.717
6046	326.995	196.584
6047	326.462	195.572
6048	325.953	195.452
6049	326.124	194.802
6050	326.064	195.45
6051	326.759	195.804
6052	326.879	196.209
6053	327.244	196.225
6054	328.14	198.168
6055	328.845	198.919
6056	328.632	198.999
6057	328.211	198.713
6058	328.389	198.352
6059	329.033	198.683
6060	328.618	199.038
6061	328.612	198.57
6062	328.538	199.06
6063	328.603	198.74
6064	328.874	198.513
6065	328.736	198.719
6066	328.119	197.98
6067	328.29	197.294
6068	327.752	197.646
6069	327.884	197.399
6070	327.848	197.73
6071	328.1	198.351
6072	328.245	198.136
6073	329.058	198.717
6074	327.774	199.378
6075	326.413	199.419
6076	325.767	199.353
6077	326.193	200.519
6078	325.909	201.795
6079	325.841	201.635
6080	325.71	201.806
6081	325.509	201.666
6082	326.282	201.914
6083	326.112	201.837
6084	326.241	201.726
6085	325.192	201.926
6086	324.147	202.116
6087	323.737	201.112
6088	323.126	201.396
6089	323.78	201.344
6090	323.566	201.524
6091	323.439	202.595
6092	323.565	202.258
6093	325.114	202.109
6094	326.048	201.784
6095	325.518	202.03
6096	325.867	203.277
6097	326.155	203.481
6098	325.135	204.229
6099	324.843	204.651
6100	325.061	204.554
6101	325.077	204.265
6102	325.15	204.371
6103	325.165	203.523
6104	325.184	204.188
6105	325.101	203.886
6106	324.095	203.217
6107	324.859	201.729
6108	325.434	202.033
6109	326.131	201.492
6110	327.453	200.211
6111	327.263	200.273
6112	326.493	200.793
6113	326.178	201.565
6114	326.109	201.081
6115	325.745	201.248
6116	326.246	200.931
6117	326.508	200.946
6118	325.925	201.479
6119	326.038	201.781
6120	326.567	201.961
6121	328.581	202.354
6122	328.564	202.28
6123	329.497	201.535
6124	328.603	202.325
6125	328.891	202.497
6126	328.834	201.848
6127	328.881	201.25
6128	330.143	201.418
6129	330.762	201.075
6130	330.696	201.048
6131	330.237	201.069
6132	329.121	201.631
6133	328.623	202.266
6134	329.031	201.632
6135	328.937	202.455
6136	328.928	202.299
6137	329.048	202.175
6138	328.83	202.463
6139	328.69	203.326
6140	328.821	203.489
6141	328.961	204.066
6142	328.611	204.533
6143	328.463	204.55
6144	329.122	203.89
6145	328.682	202.514
6146	328.618	202.224
6147	323.077	201.499
6148	323.077	201.499
6149	323.077	201.499
6150	323.077	201.499
6151	323.077	201.499
6152	323.077	201.499
6153	323.077	201.499
6154	323.077	201.499
6155	323.077	201.499
6156	323.077	201.499
6157	322.952	201.511
6158	323.053	201.633
6159	322.694	201.526
6160	323.53	200.596
6161	323.642	199.69
6162	322.759	199.874
6163	323.171	199.641
6164	321.848	200.908
6165	322.486	201.74
6166	322.561	201.533
6167	321.928	200.549
6168	321.539	202.255
6169	321.33	203.372
6170	321.124	203.861
6171	321.251	203.528
6172	322.006	202.846
6173	321.47	202.872
6174	320.515	203.718
6175	320.422	204.738
6176	320.917	205.455
6177	321.58	205.681
6178	322.14	207.141
6179	322.409	207.042
6180	322.86	207.096
6181	322.981	207.365
6182	322.803	207.544
6183	322.935	207.259
6184	323.051	207.627
6185	323.309	208.016
6186	323.411	208.377
6187	323.241	208.218
6188	323.35	207.917
6189	323.204	208.669
6190	323.295	210.327
6191	322.98	211.422
6192	322.225	210.625
6193	321.354	210.586
6194	321.268	210.565
6195	321.392	210.363
6196	320.357	210.549
6197	320.586	210.793
6198	321.302	210.349
6199	320.759	210.55
6200	320.66	210.983
6201	320.818	210.866
6202	321.93	210.142
6203	322.643	210.339
6204	323.499	211.926
6205	323.162	212.587
6206	323.241	212.329
6207	322.561	212.491
6208	322.874	212.583
6209	322.568	212.563
6210	323.088	212.7
6211	322.854	212.616
6212	322.532	213.145
6213	322.414	213.663
6214	322.282	214.702
6215	322.527	214.309
6216	322.705	214.145
6217	322.694	213.711
6218	323.436	214.039
6219	323.516	214.731
6220	323.274	214.557
6221	323.35	214.524
6222	322.558	214.593
6223	322.361	213.614
6224	323.542	212.417
6225	324.354	213.224
6226	323.262	213.591
6227	323.064	213.968
6228	323.124	213.844
6229	322.955	214.17
6230	322.641	214.595
6231	323.298	214.655
6232	323.903	213.744
6233	322.374	213.386
6234	322.566	213.426
6235	323.077	213.888
6236	323.607	214.291
6237	324.243	213.026
6238	324.349	213.446
6239	323.292	214.323
6240	323.509	214.531
6241	323.427	214.403
6242	323.269	214.435
6243	322.119	214.041
6244	322.475	213.606
6245	322.726	213.984
6246	322.616	214.224
6247	322.875	213.912
6248	322.548	214.273
6249	322.489	214.064
6250	322.435	215.078
6251	322.946	214.526
6252	323.475	214.781
6253	323.233	214.48
6254	322.685	214.158
6255	322.622	213.657
6256	323.417	214.669
6257	323.6	214.406
6258	323.063	213.344
6259	323.315	212.659
6260	324.343	212.203
6261	324.329	211.767
6262	324.492	212.247
6263	324.875	212.566
6264	325.908	213.043
6265	326.085	213.283
6266	326.092	213.618
6267	325.915	213.294
6268	325.827	213.618
6269	325.976	214.362
6270	325.739	213.54
6271	325.766	213.12
6272	325.953	213.762
6273	325.057	214.769
6274	325.58	214.11
6275	325.803	213.475
6276	326.125	213.204
6277	325.562	213.406
6278	325.768	213.1
6279	326.713	213.344
6280	326.083	213.244
6281	326.09	211.899
6282	326.463	211.498
6283	326.14	212.15
6284	326.323	213.261
6285	326.148	213.354
6286	325.94	213.263
6287	325.055	213.108
6288	324.386	214.784
6289	324.066	214.337
6290	324.07	214.711
6291	324.188	214.303
6292	323.939	214.33
6293	324.055	214.564
6294	324.201	214.718
6295	324.575	213.89
6296	325.397	212.865
6297	325.577	212.832
6298	325.153	212.855
6299	324.594	213.418
6300	324.891	212.921
6301	324.063	212.912
6302	323.422	212.324
6303	325.461	212.844
6304	325.918	213.748
6305	325.831	214.387
6306	326.387	213.645
6307	326.129	213.758
6308	325.732	213.753
6309	325.758	214.045
6310	325.944	213.651
6311	326.364	213.619
6312	326.185	213.354
6313	326.254	213.793
6314	326.636	214.452
6315	326.269	214.602
6316	326.548	214.52
6317	326.442	214.347
6318	327.11	214.434
6319	327.442	214.396
6320	329.22	213.888
6321	329.43	213.685
6322	330.137	213.152
6323	330.066	213.376
6324	330.772	214.463
6325	330.743	215.607
6326	330.877	216.409
6327	330.592	217.258
6328	330.672	216.145
6329	330.533	214.571
6330	330.54	215.626
6331	331.5	215.632
6332	331.246	215.375
6333	330.824	215.368
6334	330.833	214.649
6335	330.863	215.196
6336	331.088	215.539
6337	330.889	215.28
6338	330.136	215.154
6339	330.832	215.58
6340	331.264	215.76
6341	331.135	215.618
6342	331.148	216.183
6343	330.846	216.854
6344	330.945	217.209
6345	330.958	216.503
6346	330.621	216.803
6347	330.74	217.075
6348	330.761	216.449
6349	331.072	215.404
6350	330.882	215.556
6351	331.153	215.026
6352	331.638	214.936
6353	332.195	214.863
6354	332.366	214.435
6355	332.419	214.708
6356	330.892	214.806
6357	332.17	214.692
6358	332.087	213.902
6359	332.031	214.214
6360	331.729	214.519
6361	331.147	214.503
6362	330.988	215.065
6363	331.111	214.957
6364	330.52	214.347
6365	330.685	214.449
6366	330.786	214.821
6367	330.421	214.586
6368	330.781	214.83
6370	337.522	216.308
6371	337.522	216.308
6372	337.522	216.308
6373	337.522	216.308
6374	337.522	216.308
6375	337.522	216.308
6376	337.522	216.308
6377	337.522	216.308
6378	337.522	216.308
6379	338.164	214.171
6380	338.341	214.256
6381	338.334	214.61
6382	337.65	215.524
6383	336.273	216.095
6384	336.279	216.546
6385	336.074	216.67
6386	336.568	216.333
6387	337.231	216.241
6388	337.549	217.356
6389	336.532	218.439
6390	336.28	218.717
6391	336.251	219.199
6392	336.232	219.535
6393	336.29	219.54
6394	336.469	219.579
6395	336.211	219.483
6396	336.241	219.379
6397	336.119	219.162
6398	334.488	219.488
6399	333.925	220.219
6400	333.872	220.614
6401	333.591	220.143
6402	333.621	220.661
6403	333.626	220.555
6404	333.449	220.86
6405	333.511	221.219
6406	334.024	220.9
6407	333.664	220.74
6408	333.615	220.549
6409	333.207	220.617
6410	333.623	220.238
6411	333.549	220.634
6412	334.035	220.102
6413	333.452	220.718
6414	332.461	220.766
6415	332.285	221.184
6416	332.844	221.252
6417	332.639	220.877
6418	332.581	221.225
6419	331.922	222.263
6420	332.273	222.57
6421	331.523	223.617
6422	331.679	224.771
6423	332.238	225.804
6424	331.555	225.521
6425	331.334	225.654
6426	331.609	225.895
6427	330.943	226.552
6428	331.224	227.319
6429	331.107	227.762
6430	331.63	228.695
6431	331.312	229.792
6432	330.883	230.267
6433	328.648	231.442
6434	328.284	232.382
6435	327.741	233.245
6436	327.723	232.778
6437	326.894	232.866
6438	326.02	233.169
6439	324.376	233.151
6440	324.713	232.083
6441	325.902	231.61
6442	326.925	231.815
6443	328.595	232.59
6444	328.359	232.581
6445	328.689	233.175
6446	328.558	232.507
6447	328.722	232.128
6448	328.463	232.364
6449	328.679	232.58
6450	328.512	233.318
6451	328.675	233.295
6452	328.645	233.615
6453	328.101	232.79
6454	328.135	231.937
6455	327.923	230.397
6456	328.542	230.004
6457	328.65	230.488
6458	328.151	230.568
6459	328.276	232.249
6460	328.625	232.772
6461	328.71	233.369
6462	328.651	233.26
6463	327.411	233.994
6464	326.142	233.656
6465	325.61	233.374
6466	325.407	232.076
6467	324.739	232.454
6468	324.648	232.223
6469	324.432	232.054
6470	324.756	231.663
6471	324.289	232.406
6472	323.864	232.884
6473	324.297	233.673
6474	324.413	234.1
6475	324.959	234.286
6476	325.895	234.931
6477	325.377	234.952
6478	326.199	234.161
6479	326.304	234.268
6480	327.047	233.653
6481	326.745	233.803
6482	327.219	234.67
6483	327.14	234.753
6484	326.925	236.148
6485	326.513	236.399
6486	325.269	236.725
6487	324.73	237.18
6488	325.368	237.61
6489	325.786	237.899
6490	326.279	237.61
6491	326.762	241.264
6492	325.937	241.71
6493	325.318	242.292
6494	325.347	242.538
6495	325.195	242.586
6496	325.585	241.664
6497	326.678	241.624
6498	325.606	241.315
6499	325.218	242.061
6500	323.972	241.402
6501	323.721	241.38
6502	323.662	241.782
6503	323.799	241.32
6504	323.86	241.302
6505	323.5	242.251
6506	324.073	242.371
6507	323.722	241.702
6508	324.446	242.619
6509	325.867	243.446
6510	326.453	243.551
6511	325.793	243.348
6512	325.63	243.479
6513	325.57	244.782
6514	323.3	246.821
6515	323.488	247.753
6516	322.959	247.001
6517	323.231	246.751
6518	323.581	246.916
6519	324.006	247.717
6520	323.032	248.344
6521	323.209	249.616
6522	322.3	249.305
6523	322.438	249.682
6524	323.203	249.882
6525	323.308	250.268
6526	322.679	250.278
6527	322.806	249.869
6528	322.682	249.114
6529	322.659	249.253
6530	321.748	248.811
6531	321.506	248.661
6532	322.626	248.638
6533	323.114	248.881
6534	322.648	249.308
6535	321.541	249.079
6536	322.067	249.672
6537	322.495	249.536
6538	322.322	250.115
6539	321.577	249.818
6540	321.542	249.241
6541	321.288	249.406
6542	320.243	249.953
6543	319.763	251.26
6544	320.431	251.693
6545	321.015	253.266
6546	322.181	254.391
6547	322.237	253.349
6548	322.727	252.381
6549	322.811	252.316
6550	322.712	252.044
6551	322.315	252.842
6552	322.093	254.312
6553	321.903	254.295
6554	322.022	253.253
6555	323.417	252.683
6556	324.14	252.934
6557	323.803	253.045
6558	323.748	252.868
6559	323.444	253.153
6560	322.784	252.528
6561	322.682	253.136
6562	322.816	252.852
6563	321.865	253.451
6564	321.798	253.526
6565	322.089	253.527
6566	322.911	253.179
6567	322.586	253.729
6568	322.056	254.024
6569	321.523	254.259
6570	320.831	253.424
6571	321.591	253.695
6572	321.759	252.641
6573	322.204	252.238
6574	322.546	253.059
6575	323.178	253.599
6576	324.167	253.658
6577	324.543	253.652
6578	324.24	253.729
6579	323.432	253.806
6580	322.518	254.091
6581	321.739	253.812
6582	322.485	253.405
6583	321.255	254.13
6584	321.258	254.539
6585	321.276	255.308
6586	320.059	256.286
6587	319.745	256.32
6588	320.016	256.823
6589	319.935	257.421
6590	320.097	257.928
6591	319.773	258.11
6593	320.254	265.846
6594	320.254	265.846
6595	320.254	265.846
6596	320.254	265.846
6597	320.254	265.846
6598	320.254	265.846
6599	320.254	265.846
6600	320.254	265.846
6601	320.254	265.846
6602	320.406	265.414
6603	320.3	265.556
6604	319.189	264.483
6605	319.073	263.744
6606	319.166	263.662
6607	318.469	263.51
6608	318.197	262.475
6609	319.203	262.446
6610	319.641	263.154
6611	318.783	263.629
6612	317.922	264.61
6613	316.923	263.963
6614	316.679	263.573
6615	318.343	263.277
6616	319.34	264.425
6617	319.76	265.869
6618	318.776	267.103
6619	317.788	268.529
6620	318.764	267.76
6621	318.301	267.516
6622	318.31	267.568
6623	318.383	267.358
6624	319.433	267.139
6625	319.124	267.201
6626	319.055	267.396
6627	318.117	268.098
6628	317.872	267.721
6629	317.784	266.793
6630	317.564	267.009
6631	317.491	266.938
6632	317.762	266.692
6633	317.101	266.964
6634	317.452	267.211
6635	318.189	266.468
6636	318.868	264.714
6637	318.667	264.185
6638	318.659	264.146
6639	318.72	264.554
6640	318.983	264.184
6641	318.453	264.273
6642	317.626	264.725
6643	317.124	265.572
6644	316.771	264.758
6645	317.288	266.488
6646	318.185	267.04
6647	318.492	266.114
6648	318.178	265.402
6649	318.337	264.787
6650	318.558	266.582
6651	317.902	266.699
6652	317.796	266.458
6653	318.379	267.35
6654	318.437	267.358
6655	318.779	267.265
6656	317.472	266.961
6657	317.143	266.873
6658	317.828	267.464
6659	317.679	268.714
6660	316.979	268.627
6661	318.16	268.44
6662	318.022	268.43
6663	317.706	269.593
6664	317.099	269.154
6665	317.098	269.043
6666	317.878	268.862
6667	318.113	269.14
6668	317.939	269.461
6669	318.511	270.908
6670	318.133	271.552
6671	318.349	270.862
6672	318.859	270.53
6673	320.484	270.286
6674	320.172	270.478
6675	319.47	270.942
6676	319.064	271.897
6677	319.503	270.564
6678	319.486	270.504
6679	319.578	271.19
6680	320.411	272.667
6681	319.886	271.626
6682	319.153	271.799
6683	318.887	272.397
6684	318.067	272.825
6685	318.351	273.934
6686	318.434	275.251
6687	318.105	277.096
6688	317.714	276.667
6689	317.252	277.329
6690	316.474	277.546
6691	315.523	277.456
6692	315.45	277.421
6693	314.776	277.747
6694	313.582	276.855
6695	312.635	276.129
6696	312.335	275.936
6697	311.964	276.22
6698	311.929	277.031
6699	312.296	278.124
6700	312.385	278.945
6701	312.834	279.998
6702	312.922	279.538
6703	312.128	278.757
6704	312.705	278.679
6705	313.446	280.701
6706	313.155	281.82
6707	314.319	282.03
6708	315.74	282.464
6709	316.245	283.682
6710	317.298	284.091
6711	317.324	283.767
6712	316.567	283.771
6713	314.981	283.671
6714	314.322	282.938
6715	315.061	283.121
6716	314.64	283.304
6717	313.755	284.479
6718	313.646	284.917
6719	313.718	286.257
6720	314.176	286.615
6721	313.803	286.236
6722	314.517	285.135
6723	315.074	286.261
6724	314.482	285.734
6725	313.722	286.069
6726	314.726	287.204
6727	316.676	287.125
6728	316.525	287.829
6729	317.884	287.652
6730	318.141	288.061
6731	317.908	287.875
6732	318.182	288.569
6733	318.067	289.501
6734	317.942	289.194
6735	318.462	288.84
6736	319.473	289.652
6737	320.228	289.739
6738	320.381	289.493
6739	320.557	289.435
6740	320.461	288.837
6741	322.248	288.888
6742	323.103	287.672
6743	322.903	287.624
6744	322.929	289.148
6745	323.049	288.886
6746	323.907	289.368
6747	323.864	289.77
6748	324.258	290.588
6749	323.891	291.049
6750	324.31	289.378
6751	324.69	289.088
6752	324.282	289.683
6753	323.771	289.721
6754	323.605	288.91
6755	323.198	289.051
6756	322.845	288.902
6757	322.454	289.13
6758	322.633	289.203
6759	323.318	288.197
6760	322.915	288.701
6761	323.403	288.327
6762	323.113	288.399
6763	322.06	288.239
6764	322.193	289.47
6765	321.811	288.884
6766	321.856	289.573
6767	321.578	288.708
6768	320.867	286.182
6769	320.629	285.156
6770	320.595	285.518
6771	320.407	285.672
6772	320.299	285.574
6773	319.756	285.711
6774	320.326	285.918
6775	320.245	285.613
6776	320.237	286.911
6777	320.266	289.228
6778	320.267	289.46
6779	321.533	287.749
6780	320.777	286.651
6781	320.92	286.932
6782	321.548	287.657
6783	321.445	287.491
6784	321.271	287.617
6785	320.886	286.667
6786	321.393	287.64
6787	321.134	288.184
6788	320.809	288.409
6789	320.072	289.248
6790	319.623	289.629
6791	319.606	289.346
6792	318.724	289.103
6793	319.715	289.356
6794	319.584	289.926
6795	319.287	289.903
6796	319.639	289.624
6797	319.858	289.544
6798	320.078	289.105
6799	318.594	289.008
6800	318.857	289.224
6801	318.662	289.067
6802	318.384	288.844
6803	318	288.628
6804	317.721	288.523
6805	317.711	289.141
6806	317.427	289.355
6807	319.121	289.666
6808	319.763	289.063
6809	320.383	289.367
6810	319.733	288.967
6811	319.835	289.27
6812	324.091	289.053
6813	324.091	289.053
6814	324.091	289.053
6815	324.091	289.053
6816	324.091	289.053
6817	324.091	289.053
6818	324.091	289.053
6819	324.091	289.053
6820	324.091	289.053
6821	324.091	289.053
6822	323.828	289.306
6823	324.385	290.233
6824	325.024	290.753
6825	324.472	290.706
6826	323.961	290.609
6827	323.832	290.687
6828	323.343	291.255
6829	325.018	291.008
6830	325.211	291.094
6831	325.651	291.505
6832	324.876	291.854
6833	325.211	291.451
6834	324.853	291.222
6835	325.387	290.941
6836	326.656	290.356
6837	326.113	289.657
6838	325.726	289.165
6839	326.161	289.128
6840	325.687	289.299
6841	325.509	289.491
6842	324.838	290.775
6843	324.603	289.78
6844	323.886	289.622
6845	323.835	289.834
6846	324.594	290.965
6847	324.796	290.774
6848	326.742	291.403
6849	325.708	290.629
6850	326.446	291.324
6851	326.526	291.103
6852	327.094	291.209
6853	326.508	291.03
6854	326.767	291.078
6855	327.043	290.86
6856	326.857	291.14
6857	326.747	290.408
6858	327.229	291.043
6859	327.852	291.921
6860	327.29	291.651
6861	326.907	290.812
6862	327.162	290.699
6863	327.949	291.753
6864	328.621	292.313
6865	327.794	292.313
6866	326.12	292.719
6867	325.678	293.157
6868	327.617	294.392
6869	327.828	294.789
6870	327.12	294.346
6871	326.531	293.647
6872	326.145	293.187
6873	327.569	292.948
6874	327.655	293.905
6875	325.676	293.898
6876	326.428	293.496
6877	326.361	292.764
6878	325.902	291.482
6879	326.36	290.742
6880	326.673	291.023
6881	327.138	291.178
6882	326.755	291.259
6883	326.771	291.107
6884	326.268	291.437
6885	326.027	292.424
6886	327.536	293.799
6887	327.625	294.649
6888	327.46	294.928
6889	327.341	294.869
6890	327.25	294.099
6891	326.901	293.328
6892	328.13	292.795
6893	328.157	292.773
6894	328.471	292.835
6895	328.053	293.449
6896	327.244	294.77
6897	327.345	294.362
6898	327.165	295.224
6899	328.04	294.187
6900	327.873	294.063
6901	328.111	293.477
6902	327.192	290.967
6903	326.936	291.041
6904	327.078	290.737
6905	327.097	291.405
6906	328.118	292.438
6907	328.063	292.406
6908	328.19	292.165
6909	328.47	292.778
6910	328.497	292.776
6911	328.366	294.219
6912	327.419	293.516
6913	328.784	294.81
6914	330.319	293.479
6915	329.959	293.646
6916	329.778	294.123
6917	329.567	295.124
6918	330.128	295.818
6919	330.94	297.216
6920	331.762	296.772
6921	331.556	297.65
6922	331.859	297.509
6923	331.655	296.913
6924	331.636	296.468
6925	331.917	297.361
6926	331.8	296.855
6927	331.198	297.31
6928	330.708	298.125
6929	331.937	297.956
6930	331.777	300.001
6931	331.602	300.931
6932	332.472	300.392
6933	333.663	300.923
6934	333.622	301.142
6935	333.859	301.791
6936	333.319	301.179
6937	332.737	302.439
6938	333.915	303.444
6939	334.046	304.346
6940	334.245	305.512
6941	334.762	307.063
6942	335.289	308.549
6943	334.274	308.736
6944	333.234	308.031
6945	333.178	308.076
6946	333.094	307.672
6947	334.295	307.207
6948	334.658	307.24
6949	334.409	306.389
6950	334.099	305.59
6951	334.913	305.679
6952	336.42	306.768
6953	336.354	306.733
6954	335.376	306.181
6955	336.407	306.775
6956	338.434	306.705
6957	339.166	307.068
6958	340.187	306.35
6959	341.536	306.175
6960	341.775	305.856
6961	340.264	304.327
6962	340.043	304.502
6963	340.046	305.787
6964	341.165	305.528
6965	341.293	305.39
6966	341.739	306.37
6967	341.728	307.296
6968	340.637	308.678
6969	341.828	308.412
6970	343.345	307.879
6971	344.099	308.117
6972	344.663	307.783
6973	346.756	308.51
6974	345.683	309.302
6975	344.848	309.172
6976	344.86	309.203
6977	344.515	307.825
6978	345.374	307.294
6979	346.579	307.894
6980	346.61	309.371
6981	346.511	309.021
6982	346.144	309.521
6983	345.245	309.489
6984	346.349	310.21
6985	345.928	310.647
6986	345.224	310.104
6987	345.1	309.227
6988	344.929	309.706
6989	344.289	308.544
6990	343.372	307.377
6991	343.524	306.507
6992	343.734	307.666
6993	343.791	307.712
6994	342.852	308.449
6995	343.932	308.665
6996	344.916	309.58
6997	345.134	310.472
6998	344.831	311.097
6999	344.697	310.959
7000	344.839	311.26
7001	344.231	311.178
7002	345.135	310.645
7003	346.214	311.034
7004	345.632	312.238
7005	345.842	312.346
7006	346.125	312.9
7007	346.575	313.837
7008	347.613	314.927
7009	347.133	315.455
7010	347.245	315.816
7011	347.869	315.093
7012	348.281	315.202
7013	347.181	315.113
7014	346.829	315.926
7015	346.336	317.443
7016	346.481	317.642
7017	348.186	317.245
7018	349.42	316.335
7019	347.783	316.67
7020	346.616	316.184
7021	345.671	315.831
7022	344.094	316.922
7023	344.205	316.566
7024	344.281	315.323
7025	344.5	316.662
7026	343.283	316.143
7027	343.102	316.213
7028	342.668	317.808
7029	343.368	318.143
7030	343.446	317.814
7031	342.739	317.566
7032	343.045	317.839
7034	336.806	321.83
7035	336.806	321.83
7036	336.806	321.83
7037	336.806	321.83
7038	336.806	321.83
7039	336.806	321.83
7040	336.806	321.83
7041	336.806	321.83
7042	336.806	321.83
7043	337.228	323.209
7044	337.018	322.639
7045	337.722	321.63
7046	337.755	321.266
7047	337.149	322.756
7048	335.817	322.461
7049	335.317	321.83
7050	334.711	322.101
7051	332.754	322.28
7052	332.397	323.119
7053	331.375	323.911
7054	331.937	323.051
7055	332.528	322.936
7056	331.631	323.614
7057	332.378	323.424
7058	333.738	322.451
7059	334.042	322.343
7060	334.504	321.771
7061	335.536	320.869
7062	335.145	319.973
7063	334.798	319.404
7064	333.752	319.12
7065	333.271	318.3
7066	334.721	317.862
7067	336.818	318.451
7068	335.959	319.739
7069	334.872	320.148
7070	333.658	320.46
7071	333.622	320.395
7072	333.102	320.444
7073	333.719	320.104
7074	332.781	319.484
7075	332.324	319.459
7076	331.699	319.58
7077	330.858	320.04
7078	330.783	321.077
7079	330.795	321.198
7080	331.745	320.496
7081	332.109	320.36
7082	332.72	320.726
7083	332.338	320.411
7084	331.65	319.97
7085	331.218	320.859
7086	331.48	320.462
7087	331.534	319.882
7088	331.621	319.017
7089	333.135	318.834
7090	332.682	318.391
7091	332.928	318.669
7092	333.115	317.651
7093	332.928	317.67
7094	332.858	317.145
7095	332.867	316.262
7096	331.674	315.262
7097	332.463	315.711
7098	333.615	316.84
7099	334.762	316.936
7100	335.081	317.835
7101	335.208	318.161
7102	334.065	318.638
7103	333.746	317.842
7104	333.609	316.766
7105	331.728	317.853
7106	331.492	317.705
7107	331.552	316.721
7108	332.199	317.292
7109	331.52	318.172
7110	330.83	317.93
7111	330.55	318.225
7112	331.063	318.688
7113	329.957	317.782
7114	329.794	316.641
7115	328.83	316.143
7116	329.09	315.547
7117	328.839	315.863
7118	328.833	315.351
7119	328.985	316.427
7120	329.852	316.316
7121	330.279	316.282
7122	330.609	316.165
7123	330.738	316.818
7124	330.174	317.325
7125	330.321	316.833
7126	330.599	315.802
7127	330.672	315.787
7128	329.563	316.29
7129	329.066	318.689
7130	328.792	320.556
7131	327.903	322.159
7132	328.329	322.184
7133	327.871	321.901
7134	328.298	322.28
7135	328.631	322.093
7136	328.399	322.197
7137	328.286	321.675
7138	328.422	320.115
7139	328.893	319.613
7140	328.572	319.877
7141	328.504	319.316
7142	329.088	318.951
7143	329.683	319.254
7144	329.933	318.2
7145	330.667	317.749
7146	330.257	317.181
7147	329.738	318.644
7148	330.047	318.46
7149	329.956	318.073
7150	329.912	318.411
7151	328.93	319.551
7152	328.756	319.592
7153	329.656	318.859
7154	329.648	318.766
7155	329.669	317.835
7156	329.923	317.481
7157	329.792	317.611
7158	330.322	318.119
7159	330.586	318.639
7160	331.194	318.224
7161	331.829	318.169
7162	332.081	319.456
7163	332.427	319.912
7164	332.505	319.673
7165	332.273	320.187
7166	332.366	320.507
7167	332.288	321.613
7168	332.533	322.181
7169	333.21	323.321
7170	333.426	323.767
7171	333.642	323.855
7172	334.084	323.478
7173	333.082	322.935
7174	332.594	322.398
7175	333.603	323.238
7176	333.146	324.318
7177	333.214	325.752
7178	333.721	327.347
7179	333.848	327.255
7180	333.838	327.206
7181	334.247	327.589
7182	333.132	327.831
7183	330.733	327.664
7184	331.536	329.343
7185	332.237	329.51
7186	331.3	329.763
7187	330.162	330.219
7188	330.322	330.901
7189	331.525	330.491
7190	331.757	331.26
7191	333.405	332.653
7192	333.169	334.103
7193	332.808	334.799
7194	333.829	334.86
7195	333.48	334.13
7196	334.227	334.659
7197	332.87	335.702
7198	333.332	335.458
7199	333.253	335.811
7200	332.979	336.454
7201	332.523	336.547
7202	332.133	336.045
7203	331.643	336.544
7204	330.573	337.339
7205	330.607	336.732
7206	332.084	336.498
7207	332.381	336.333
7208	332.421	335.279
7209	332.079	336.659
7210	331.138	336.4
7211	331.782	335.939
7212	332.038	336.121
7213	330.807	336.109
7214	331.61	336.12
7215	332.177	336.632
7216	331.058	335.841
7217	331.611	335.678
7218	331.122	336.035
7219	331.81	335.518
7220	333.006	335.25
7221	333.314	335.412
7222	332.787	335.958
7223	332.287	336.781
7224	332.846	337.16
7225	333.064	336.192
7226	332.734	336.932
7227	333.751	338.309
7228	335.902	339.925
7229	335.686	341.541
7230	334.941	341.915
7231	336.326	342.428
7232	335.946	343.672
7233	336.226	344.683
7234	337.243	344.732
7235	337.291	345.356
7236	337.572	346.336
7237	336.442	347.632
7238	336.895	348.162
7239	338.134	347.165
7240	338.064	347.064
7241	337.629	346.227
7242	336.104	345.802
7243	335.063	346.048
7244	334.495	345.655
7245	333.743	346.198
7246	332.399	346.647
7247	333.46	346.367
7248	331.916	346.586
7249	331.767	347.275
7250	331.373	347.611
7251	332.028	346.519
7252	330.692	345.504
7253	330.862	346.629
7255	323.293	351.396
7256	323.293	351.396
7257	323.293	351.396
7258	323.293	351.396
7259	323.293	351.396
7260	323.293	351.396
7261	323.293	351.396
7262	323.293	351.396
7263	323.293	351.396
7264	323.543	350.881
7265	323.432	350.863
7266	325.548	349.927
7267	326.294	350.146
7268	325.784	349.344
7269	326.16	349.875
7270	326.3	350.313
7271	326.153	348.893
7272	327.302	349.453
7273	328.63	349.213
7274	329.106	349.476
7275	329.387	349.305
7276	328.522	349.334
7277	329.109	349.464
7278	329.828	350.601
7279	327.704	350.56
7280	326.314	349.838
7281	326.695	349.823
7282	328.058	350.404
7283	329.319	350.144
7284	329.125	350.177
7285	329.699	349.112
7286	329.286	348.277
7287	329.685	348.057
7288	329.723	348.462
7289	330.141	348.741
7290	329.55	349.287
7291	329.141	349.848
7292	328.581	350.294
7293	327.378	350.729
7294	326.784	352.203
7295	325.56	352.505
7296	326.38	352.532
7297	326.31	351.865
7298	326.815	350.559
7299	327.604	349.602
7300	328.264	349.858
7301	327.509	350.811
7302	327.976	352.075
7303	326.882	353.126
7304	327.51	351.919
7305	327.887	351.395
7306	327.409	351.81
7307	327.12	351.299
7308	327.057	351.339
7309	326.562	352.28
7310	326.675	353.247
7311	326.704	352.645
7312	326.676	352.672
7313	327.162	352.606
7314	327.835	353.786
7315	328.219	353.421
7316	327.553	354.074
7317	328.146	353.931
7318	327.761	354.156
7319	327.949	354.404
7320	326.379	353.694
7321	324.83	354.036
7322	324.241	354.713
7323	324.011	355.3
7324	324.256	354.603
7325	324.209	354.645
7326	323.756	354.513
7327	324.039	354.761
7328	324.397	355.336
7329	324.529	355.175
7330	323.868	355.516
7331	323.444	355.555
7332	322.448	354.525
7333	321.614	355.439
7334	321.248	356.73
7335	320.47	356.735
7336	318.603	356.111
7337	318.574	355.813
7338	319.685	355.373
7339	319.915	355.54
7340	319.578	354.709
7341	319.531	355.52
7342	320.129	354.752
7343	319.512	355.538
7344	319.735	355.614
7345	318.292	356.379
7346	317.653	356.395
7347	317.346	356.711
7348	316.832	358.296
7349	316.87	359.615
7350	315.902	359.091
7351	314.727	360.189
7352	314.516	360.491
7353	314.46	360.407
7354	315.024	360.584
7355	314.519	360.212
7356	314.698	359.442
7357	314.696	358.654
7358	314.2	360.378
7359	313.611	361.627
7360	312.563	362.581
7361	312.648	362.123
7362	312.242	362.757
7363	312.719	363.025
7364	311.582	364.39
7365	311.503	365.092
7366	311.36	365.64
7367	311.444	365.727
7368	312.701	366.445
7369	312.662	366.821
7370	312.744	367.52
7371	312.564	367.468
7372	312.453	367.124
7373	312.864	367.815
7374	313.033	367.795
7375	312.239	367.284
7376	312.457	366.686
7377	312.33	367.212
7378	312.898	367.841
7379	312.088	368.376
7380	312.076	367.738
7381	312.594	367.553
7382	312.4	368.255
7383	313.693	369.344
7384	313.228	370.428
7385	312.119	370.269
7386	313.457	370.98
7387	313.692	371.447
7388	313.589	371.702
7389	314.1	372.226
7390	313.363	370.719
7391	313.154	371.528
7392	313.876	372.243
7393	315.14	372.587
7394	315.42	372.118
7395	316.313	371.411
7396	316.126	371.934
7397	316.203	371.787
7398	315.327	371.702
7399	316.141	371.492
7400	315.421	371.155
7401	315.687	370.671
7402	315.092	370.296
7403	314.024	369.476
7404	315.488	369.792
7405	315.301	371.038
7406	315.497	371.451
7407	314.884	371.825
7408	313.526	373.239
7409	311.966	374.443
7410	311.375	374.545
7411	310.712	375.118
7412	311.507	374.162
7413	311.321	374.438
7414	311.208	374.46
7415	310.861	375.66
7416	310.305	375.827
7417	310.623	376.26
7418	310.507	376.563
7419	311.199	376.271
7420	312.601	376.516
7421	313.298	376.737
7422	312.642	376.571
7423	311.478	376.278
7424	312.592	375.715
7425	312.531	376.28
7426	311.845	376.617
7427	311.851	376.766
7428	312.197	376.676
7429	313.295	376.685
7430	313.31	377.388
7431	313.571	377.282
7432	314.512	376.527
7433	315.82	377.203
7434	316.488	379.266
7435	316.231	379.822
7436	315.818	380.844
7437	316.258	380.75
7438	316.098	379.863
7439	316.31	379.436
7440	317.116	379.472
7441	316.719	380.428
7442	316.812	380.743
7443	316.115	381.244
7444	315.806	382.223
7445	316.303	382.989
7446	316.523	385.137
7447	317.215	386.464
7448	317.51	386.309
7449	316.553	385.851
7450	317.397	385.773
7451	317.42	385.673
7452	316.62	386.046
7453	316.13	386.387
7454	315.745	387.032
7455	315.767	387.589
7456	316.693	389.147
7457	316.334	388.447
7458	316.337	388.32
7459	317.061	389.026
7460	317.314	389.679
7461	317.421	390.399
7462	318.513	391.155
7463	320.062	392.685
7464	318.809	393.224
7465	318.396	393.405
7466	318.477	393.43
7467	319.197	392.248
7468	318.698	390.73
7469	317.495	390.046
7470	316.854	390.035
7471	316.766	390.426
7472	317.682	390.073
7473	318.69	389.58
7474	318.072	389.75
7476	325.307	391.68
7477	325.307	391.68
7478	325.307	391.68
7479	325.307	391.68
7480	325.307	391.68
7481	325.307	391.68
7482	325.307	391.68
7483	325.307	391.68
7484	325.307	391.68
7485	326.375	391.051
7486	327.24	391.154
7487	328.093	389.251
7488	328.174	389.857
7489	327.778	390.225
7490	327.616	391.283
7491	326.636	390.424
7492	324.605	391.641
7493	325.241	392.557
7494	325.018	392.669
7495	325.425	393.807
7496	326.278	393.579
7497	326.205	393.776
7498	325.835	394.424
7499	326.535	395.743
7500	326.084	396.276
7501	325.596	396.047
7502	326.805	395.268
7503	326.135	395.191
7504	326.209	394.897
7505	325.729	394.934
7506	325.914	395.602
7507	326.81	395.571
7508	326.56	396.234
7509	325.596	398.173
7510	325.828	399.02
7511	326.492	398.873
7512	325.98	398.543
7513	325.743	398.883
7514	326.454	398.961
7515	326.07	399.089
7516	325.432	399.69
7517	324.648	399.592
7518	324.418	398.585
7519	325.886	398.802
7520	326.366	398.962
7521	326.114	398.261
7522	326.599	399.007
7523	327.608	399.508
7524	327.724	399.454
7525	327.463	399.171
7526	327.558	399.516
7527	328.277	400.189
7528	328.575	400.866
7529	328.466	399.625
7530	327.488	399.544
7531	328.489	400.013
7532	328.436	399.454
7533	328.287	400.143
7534	328.155	400.792
7535	328.778	399.663
7536	328.323	400.215
7537	328.154	401.257
7538	327.765	402.315
7539	327.179	402.259
7540	328.082	401.886
7541	328.134	402.454
7542	327.738	402.833
7543	328.086	402.224
7544	328.08	402.509
7545	328.196	402.029
7546	328.42	400.699
7547	328.24	400.562
7548	328.605	400.887
7549	327.349	403.142
7550	325.68	403.025
7551	326.391	403.146
7552	325.876	403.239
7553	326.112	402.909
7554	325.427	404.337
7555	325.779	403.148
7556	326.221	402.635
7557	326.357	403.376
7558	327.053	404.281
7559	326.791	404.989
7560	326.553	405.717
7561	326.887	404.754
7562	326.394	404.034
7563	325.464	404.168
7564	325.268	404.672
7565	325.696	403.89
7566	325.761	403.25
7567	326.853	403.252
7568	326.898	403.731
7569	327.409	403.788
7570	326.968	403.821
7571	326.708	404.368
7572	327.176	403.326
7573	327.485	402.921
7574	327.664	403.213
7575	328.337	402.442
7576	328.454	402.282
7577	328.533	401.759
7578	328.791	401.334
7579	327.426	402.077
7580	326.936	402.831
7581	327.244	403.227
7582	326.78	404.32
7583	327.257	404.898
7584	326.827	405.455
7585	327.737	405.659
7586	327.748	406.651
7587	329.006	405.837
7588	328.896	406.463
7589	328.067	407.103
7590	328.803	405.673
7591	328.804	406.229
7592	328.817	405.945
7593	329.443	405.714
7594	329.18	406.076
7595	329.302	405.236
7596	328.863	406.093
7597	329.305	406.579
7598	330.531	407.798
7599	330.509	408.243
7600	330.156	407.244
7601	329.585	405.532
7602	329.625	405.255
7603	329.434	405.982
7604	329.514	406.051
7605	329.245	406.218
7606	329.766	406.594
7607	329.719	406.747
7608	328.607	407.217
7609	328.946	407.257
7610	329.087	407.822
7611	328.318	408.134
7612	328.637	407.727
7613	328.926	408.889
7614	329.343	410.065
7615	328.833	410.008
7616	329.936	409.745
7617	330.73	409.507
7618	330.617	409.335
7619	330.576	409.342
7620	330.439	409.531
7621	330.277	409.11
7622	329.687	410.731
7623	330.095	412.118
7624	330.425	411.565
7625	332.165	412.045
7626	331.64	412.831
7627	331.241	412.858
7628	331.066	412.271
7629	330.684	410.767
7630	331.281	410.712
7631	332.393	411.07
7632	332.477	412.056
7633	332.848	413.443
7634	332.341	414.906
7635	331.675	414.189
7636	330.643	416.038
7637	329.912	416.986
7638	330.091	416.922
7639	330.273	416.917
7640	330.606	417.437
7641	331.695	416.949
7642	331.889	416.786
7643	332.497	416.673
7644	332.663	415.744
7645	332.113	415.489
7646	332.009	414.725
7647	331.598	415.094
7648	332.09	414.934
7649	332.798	416.336
7650	332.457	417.483
7651	332.454	415.177
7652	331.411	414.58
7653	331.091	413.575
7654	331.578	414.314
7655	331.868	415.675
7656	332.214	416.259
7657	333.213	416.193
7658	333.869	416.277
7659	333.742	416.023
7660	332.697	416.757
7661	332.632	416.688
7662	332.386	416.072
7663	332.165	415.122
7664	331.908	415.491
7665	332.475	415.601
7666	332.632	415.932
7667	332.076	415.801
7668	331.772	414.842
7669	332.9	414.519
7670	332.131	414.697
7671	330.499	415.514
7672	330.367	416.077
7673	332.169	417.457
7674	333.829	418.814
7675	333.761	417.854
7676	333.824	418.861
7677	333.727	418.461
7678	333.441	418.697
7679	334.025	419.189
7680	333.487	419.705
7681	333.152	419.9
7682	332.797	418.644
7683	332.506	418.501
7684	331.41	418.002
7685	333.127	417.772
7686	334.456	418.544
7687	333.591	418.429
7688	332.516	417.512
7689	332.186	417.378
7690	331.697	417.224
7691	331.653	417.383
7692	331.689	418.744
7693	330.687	419.315
7694	330.965	419.76
7695	330.93	418.738
7698	329.59	431.43
7699	329.59	431.43
7700	329.59	431.43
7701	329.59	431.43
7702	329.59	431.43
7703	329.59	431.43
7704	329.59	431.43
7705	329.59	431.43
7706	329.429	431.428
7707	329.718	430.4
7708	328.49	430.223
7709	328.444	431.44
7710	328.17	431.492
7711	327.822	431.166
7712	327.282	433.252
7713	329.296	434.842
7714	330.504	435.581
7715	329.667	436.05
7716	329.315	435.16
7717	329.465	434.512
7718	330.029	434.334
7719	332.553	434.725
7720	334.291	434.74
7721	333.919	434.577
7722	333.726	434.068
7723	333.946	434.264
7724	334.277	434.256
7725	333.776	434.448
7726	333.199	434.656
7727	332.618	435.306
7728	332.706	434.872
7729	333.589	435.217
7730	333.284	434.57
7731	332.395	434.648
7732	333.593	434.889
7733	334.408	434.58
7734	333.699	434.336
7735	332.754	434.491
7736	332.553	435.68
7737	331.767	437.766
7738	331.575	438.063
7739	329.955	437.128
7740	330.281	436.241
7741	330.144	436.986
7742	329.233	437.052
7743	328.797	437.225
7744	328.862	436.8
7745	329.192	436.586
7746	329.164	437.17
7747	330.453	436.621
7748	330.608	436.599
7749	331.246	436.234
7750	333.218	436.117
7751	333.209	435.714
7752	332.453	435.353
7753	331.6	436.544
7754	330.521	437.733
7755	330.402	437.866
7756	331.627	438.507
7757	331.462	439.264
7758	331.605	438.158
7759	331.041	438.848
7760	330.584	438.665
7761	329.79	438.261
7762	329.817	437.579
7763	330.111	436.114
7764	329.517	436.461
7765	328.495	437.091
7766	328.928	437.244
7767	328.319	437.374
7768	328.914	437.606
7769	329.053	436.779
7770	329.594	436.346
7771	329.132	437.104
7772	329.699	436.759
7773	329.738	437.286
7774	329.718	437.222
7775	330.373	437.828
7776	331.653	438.358
7777	330.253	437.389
7778	329.865	437.211
7779	329.943	437.694
7780	329.768	438.232
7781	328.899	439.061
7782	328.628	439.741
7783	328.353	440.37
7784	328.556	439.746
7785	328.48	439.328
7786	328.403	438.251
7787	328.426	438.375
7788	328.257	439.258
7789	329.971	439.228
7790	330.31	438.088
7791	330.885	437.725
7792	331.572	438.684
7793	331.607	439.451
7794	331.547	439.989
7795	331.773	438.112
7796	332.156	437.487
7797	333.273	436.265
7798	334.306	434.904
7799	333.148	434.976
7800	333.255	434.687
7801	333.483	434.972
7802	332.953	434.671
7803	334.12	434.825
7804	333.587	435.223
7805	334.497	434.745
7806	334.594	434.442
7807	333.731	435.632
7808	334.392	435.515
7809	334.489	436.225
7810	333.57	436.029
7811	333.227	435.808
7812	333.242	435.847
7813	333.405	434.885
7814	333.741	435.449
7815	333.796	436.326
7816	333.388	434.785
7817	333.662	435.302
7818	334.249	436.421
7819	333.305	435.151
7820	332.72	435.18
7821	333.688	436.519
7822	332.781	435.2
7823	332.673	435.118
7824	333.56	435.257
7825	333.549	435.272
7826	333.589	435.277
7827	332.947	435.091
7828	333.803	434.426
7829	333.162	434.171
7830	332.891	435.562
7831	333.561	435.278
7832	332.785	435.412
7833	333.434	435.84
7834	332.771	435.719
7835	333.557	436.047
7836	334.585	434.391
7837	334.599	434.223
7838	333.833	433.758
7839	333.777	435.235
7840	333.799	436.409
7841	333.646	435.5
7842	334.161	434.799
7843	333.741	435.199
7844	332.742	435.68
7845	333.276	435.693
7846	332.894	435.195
7847	333.381	434.863
7848	334.501	434.608
7849	334.277	433.892
7850	334.341	433.779
7851	335.193	433.31
7852	336.069	432.585
7853	336.485	432.373
7854	336.437	433.743
7855	336.241	434.367
7856	336.659	434.641
7857	336.599	433.915
7858	335.438	433.411
7859	334.352	433.126
7860	335.174	432.453
7861	335.778	433.051
7862	335.77	433.665
7863	335.599	433.386
7864	336.369	433.973
7865	337.428	434.794
7866	337.898	434.862
7867	337.195	434.619
7868	337.622	434.629
7869	337.221	434.395
7870	336.534	434.471
7871	336.421	435.235
7872	336.776	434.766
7873	336.5	435.294
7874	335.858	435.204
7875	336.273	434.254
7876	336.007	433.394
7877	336.365	434.515
7878	336.31	434.405
7879	335.314	433.395
7880	334.4	433.127
7881	334.424	433.058
7882	335.776	432.79
7883	335.466	433.09
7884	336.126	433.049
7885	335.67	432.888
7886	335.628	433.889
7887	336.58	435.555
7888	335.875	435.089
7889	336.321	434.625
7890	335.872	433.711
7891	334.27	433.156
7892	333.79	433.442
7893	334.327	434.408
7894	333.385	434.7
7895	333.707	435.608
7896	333.711	435.768
7897	333.586	436.411
7898	333.355	436.412
7899	333.448	435.509
7900	334.415	435.296
7901	334.697	435.009
7902	334.23	435.204
7903	333.246	435.551
7904	332.795	435.353
7905	334.143	437.151
7906	334.289	434.824
7907	332.708	435.088
7908	332.854	435.372
7909	333.138	435.648
7910	334.094	435.709
7911	333.669	434.213
7912	334.247	434.297
7913	333.885	433.41
7914	334.606	432.895
7915	335.246	433.112
7916	335.246	433.112
7917	335.643	433.056
7918	335.643	433.056
7919	335.643	433.056
7920	335.643	433.056
7921	335.643	433.056
7922	335.643	433.056
7923	335.643	433.056
7924	335.643	433.056
7925	335.643	433.056
7926	335.293	433.05
7927	334.882	433.568
7928	335.485	433.271
7929	336.15	433.593
7930	336.479	434.029
7931	336.734	433.612
7932	336.487	434.183
7933	337.209	434.337
7934	338.269	434.549
7935	339.601	433.999
7936	338.709	434.267
7937	339.462	433.566
7938	339.65	433.59
7939	339.652	434.123
7940	340.514	434.677
7941	341.14	435.62
7942	342.341	436.535
7943	341.815	436.292
7944	341.457	435.879
7945	341.574	435.818
7946	339.884	435.803
7947	338.719	435.373
7948	337.582	434.651
7949	337.467	434.435
7950	337.734	434.868
7951	338.052	435.254
7952	338.582	435.072
7953	339.579	435.837
7954	339.261	436.049
7955	339.221	436.252
7956	340.065	435.399
7957	339.838	436.232
7958	340.282	436.424
7959	340.528	436.325
7960	341.237	436.777
7961	341.365	436.448
7962	341.297	436.358
7963	341.455	436.488
7964	341.14	435.914
7965	341.61	436.391
7966	342.177	436.343
7967	343.094	435.794
7968	343.292	436.112
7969	343.529	435.559
7970	343.273	435.338
7971	342.877	435.188
7972	342.828	436.127
7973	342.234	436.081
7974	341.491	435.686
7975	340.181	437.196
7976	339.786	437.601
7977	338.67	438.15
7978	339.125	439.454
7979	337.933	439.615
7980	339.303	440.337
7981	339.612	440.431
7982	339.487	439.646
7983	340.254	439.885
7984	340.328	441.835
7985	340.374	441.92
7986	340.366	441.607
7987	340.325	441.765
7988	340.435	441.847
7989	338.682	442.381
7990	339.871	440.81
7991	340.266	441.498
7992	339.754	441.77
7993	340.166	441.284
7994	341.112	441.601
7995	339.427	441.394
7996	340.123	440.496
7997	340.514	441.573
7998	340.394	442.328
7999	340.335	441.796
8000	340.242	442.22
8001	340.282	441.189
8002	340.716	442.162
8003	340.377	442.09
8004	340.38	441.804
8005	340.393	441.68
8006	340.141	441.107
8007	340.011	441.278
8008	339.035	441.529
8009	338.845	441.527
8010	340.379	441.609
8011	340.363	441.604
8012	340.462	441.501
8013	339.712	441.686
8014	339.818	440.927
8015	340.333	440.572
8016	340.282	440.832
8017	340.145	441.342
8018	340.424	441.37
8019	339.784	441.68
8020	340.213	441.574
8021	339.558	441.79
8022	340.227	441.195
8023	340.234	441.666
8024	340.343	440.459
8025	340.08	439.595
8026	339.324	440.14
8027	339.427	441.063
8028	339.699	440.283
8029	339.756	439.785
8030	340.666	439.301
8031	340.564	439.285
8032	340.273	439.501
8033	339.916	440.106
8034	338.731	438.918
8035	338.656	439.465
8036	338.027	440.209
8037	339.393	439.302
8038	338.451	440.339
8039	338.506	440.122
8040	338.623	440.099
8041	338.276	441.042
8042	337.958	440.327
8043	337.64	440.259
8044	340.051	438.608
8045	340.958	436.518
8047	341.214	436.479
8048	340.087	437.414
8049	337.843	439.302
8050	337.437	440.145
8051	337.88	441.089
8052	338.05	440.353
8053	339.232	439.567
8054	338.053	440.022
8055	337.689	440.432
8056	338.783	440.402
8057	337.794	439.916
8058	337.735	441.425
8059	337.822	441.025
8060	338.931	441.001
8061	338.299	439.221
8062	337.589	439.833
8063	338.405	440.075
8064	338.481	441.067
8065	338.546	441.08
8066	338.753	438.247
8067	340.26	437.971
8068	338.789	440.197
8069	337.909	441.184
8070	338.339	439.912
8071	338.547	440.033
8072	338.695	438.565
8073	338.817	440.222
8074	337.812	440.499
8075	339.399	438.584
8076	338.017	438.479
8077	337.76	440.232
8078	337.728	439.659
8079	337.758	440.521
8080	338.497	439.2
8081	337.688	440.553
8082	338.437	439.449
8083	337.606	440.533
8084	338.758	440.187
8085	337.929	440.724
8086	338.639	439.376
8087	338.623	438.753
8088	340.249	437.407
8091	340.286	438.417
8092	342.19	438.829
8095	337.743	435.652
8096	337.887	435.888
